1000
7230
884 143 43
97 737 14
357 862 8
125 751 43
769 96 23
866 469 6
259 964 2
740 75 16
913 495 35
489 814 7
226 833 19
482 170 15
657 6 24
450 86 33
56 136 18
149 677 49
342 975 5
322 625 43
833 443 45
145 688 14
36 102 42
30 641 3
442 492 0
963 437 3
136 116 41
241 440 41
494 734 12
479 86 29
558 260 29
177 360 43
331 139 43
554 703 13
363 641 23
857 581 35
149 990 47
783 673 31
891 476 3
15 777 18
665 721 23
253 7 8
411 658 0
943 197 20
858 95 24
550 307 18
439 779 41
309 678 27
14 435 18
112 856 8
836 276 3
462 325 7
145 838 6
128 353 28
311 181 16
599 268 28
712 884 18
633 536 8
147 690 18
27 183 16
494 431 44
856 847 45
133 69 9
784 119 7
762 321 24
577 513 11
810 288 39
658 712 32
6 84 16
426 537 21
62 583 10
461 147 16
863 541 38
703 96 47
14 987 29
262 748 39
779 172 36
547 730 42
287 672 46
1 396 24
93 404 41
92 218 40
484 639 16
955 846 29
698 608 48
239 944 10
130 835 2
89 830 26
63 659 9
351 593 13
454 206 44
382 116 29
535 342 33
729 22 18
892 308 12
944 468 10
312 205 21
881 882 39
409 719 13
299 977 8
919 377 8
741 927 40
698 584 42
355 716 45
478 142 4
601 705 30
626 635 17
805 280 7
620 774 38
920 769 22
78 850 6
101 72 15
580 75 19
681 657 23
67 160 28
121 783 34
947 185 41
350 454 26
454 583 8
891 998 36
198 736 34
557 168 6
146 394 24
378 496 47
105 660 47
378 971 30
460 874 24
169 624 5
712 976 39
898 257 38
241 187 13
421 688 44
472 997 9
257 836 38
582 928 17
602 731 43
430 727 48
316 655 4
918 602 4
917 764 48
390 240 21
550 701 33
758 108 28
794 811 18
780 570 41
38 240 29
420 952 20
887 86 37
917 351 25
118 298 1
354 970 7
214 637 4
502 28 48
140 470 13
990 811 11
134 387 30
747 121 35
108 487 44
973 919 25
402 378 33
32 769 15
571 271 29
642 303 9
447 414 18
442 935 1
469 288 10
2 310 19
801 233 24
998 646 17
847 197 43
803 350 31
349 277 39
776 199 31
580 16 17
527 827 15
112 541 4
316 62 6
835 229 49
780 759 24
973 211 13
799 565 10
998 109 46
967 67 47
970 410 15
286 350 4
156 91 23
683 819 10
890 748 10
661 860 32
671 641 25
622 225 41
91 891 3
584 881 20
485 883 41
507 288 22
601 67 36
453 776 11
970 706 25
759 698 3
857 902 47
71 667 29
602 89 21
568 426 42
686 341 46
802 254 25
195 906 7
200 657 15
301 453 26
733 753 21
865 584 19
398 924 24
316 207 28
610 33 31
783 526 34
36 555 41
142 573 12
799 207 49
12 670 15
856 898 26
487 339 14
656 141 5
746 578 20
71 771 43
317 890 16
281 495 10
639 821 40
484 657 24
740 510 5
520 903 17
519 538 3
173 5 45
217 665 49
392 351 28
231 99 40
829 236 31
527 876 41
430 938 23
691 2 8
106 126 22
660 556 42
446 187 4
279 570 0
775 119 8
195 969 16
733 979 44
321 454 25
274 337 28
970 63 31
824 646 32
484 167 35
270 967 22
733 865 41
99 29 11
13 657 33
889 859 49
624 112 45
883 948 30
929 135 48
982 175 43
72 944 16
115 933 43
173 273 41
571 999 46
594 26 17
921 18 29
987 500 11
947 260 1
505 641 34
745 46 5
602 281 19
388 369 31
251 113 44
344 627 37
14 731 1
626 609 20
11 682 2
281 964 33
699 740 45
904 270 22
375 456 18
578 692 3
309 175 24
173 59 13
995 61 43
575 300 43
689 303 3
371 921 28
683 149 9
245 455 11
573 334 30
473 245 14
692 808 12
951 625 19
115 63 39
354 383 32
91 322 19
27 123 28
921 563 21
810 75 8
819 677 47
733 944 16
835 502 11
311 43 36
794 492 37
794 618 15
805 554 7
524 570 8
4 961 32
989 851 6
909 137 12
727 17 9
677 999 16
773 904 11
790 710 40
900 989 23
513 952 46
372 521 36
190 852 30
974 6 0
535 239 1
679 377 26
528 892 11
684 864 26
601 518 21
396 260 23
321 739 26
185 6 3
332 512 24
142 818 44
646 705 21
897 672 18
310 559 42
114 952 17
139 409 6
154 51 32
330 310 7
133 415 1
485 503 4
160 113 30
844 703 47
170 241 3
440 684 13
550 539 5
130 813 33
399 810 14
96 947 39
123 269 33
232 586 29
953 316 16
611 991 0
378 690 38
955 825 13
794 890 40
684 329 9
663 603 30
238 75 32
721 901 40
505 141 38
352 699 38
239 29 37
713 976 31
69 981 42
825 836 4
937 488 47
295 607 37
485 523 1
518 810 18
754 927 9
784 250 24
237 571 9
283 254 4
598 227 13
664 974 43
939 262 26
14 596 4
353 385 22
499 764 21
515 183 1
155 893 36
632 882 1
617 608 14
30 396 18
287 984 15
558 361 8
873 116 8
619 563 36
556 95 17
350 476 12
72 726 45
16 374 48
449 569 17
509 269 21
563 232 29
1 351 2
501 79 34
381 332 22
239 636 45
626 919 49
187 590 35
748 300 32
190 421 45
16 938 10
256 126 43
141 913 26
47 86 6
670 474 31
392 420 8
351 723 49
750 569 5
547 186 37
744 536 27
724 439 4
399 584 13
450 772 22
516 935 28
490 558 35
406 822 35
928 467 18
90 713 12
812 339 38
16 302 26
105 864 22
805 234 12
161 24 29
51 281 15
226 783 11
825 973 43
67 408 41
241 955 14
575 187 35
156 283 42
552 709 45
784 886 13
388 597 39
162 352 26
356 506 37
524 149 1
103 368 42
207 573 16
483 874 26
233 905 5
100 894 2
336 701 4
322 934 37
565 342 5
591 251 39
394 523 4
670 434 19
500 550 40
85 560 13
848 730 43
99 991 23
633 580 45
674 481 32
768 739 28
173 601 5
122 25 46
643 399 42
478 513 10
946 346 34
284 953 42
636 245 46
22 167 32
260 612 5
250 54 28
58 286 47
141 119 6
442 514 43
673 66 36
769 579 26
503 60 41
512 182 38
13 248 9
349 793 14
337 241 38
17 36 6
860 291 42
268 832 18
216 727 2
635 332 7
994 493 19
954 645 21
680 697 0
802 354 38
650 320 30
859 744 37
908 898 9
522 769 35
171 983 10
340 477 23
251 708 43
753 211 13
535 509 44
857 574 9
104 834 27
426 698 26
388 228 36
199 541 9
920 350 4
522 328 2
118 926 36
946 902 9
40 395 34
261 242 32
770 942 5
687 362 22
963 523 22
761 560 18
644 318 46
986 292 19
7 144 11
33 69 46
944 18 39
424 687 13
399 878 17
233 788 11
60 123 49
365 237 29
617 367 16
608 616 42
811 740 12
654 689 1
993 909 49
376 178 18
667 760 43
368 413 14
51 987 44
279 638 49
695 608 46
462 107 13
612 219 45
1 533 6
932 24 4
453 343 2
225 231 19
843 67 20
999 522 34
794 106 42
141 267 10
688 354 32
20 640 35
721 207 11
830 441 31
574 548 33
527 926 19
951 849 25
215 930 46
209 116 39
134 925 33
936 449 38
646 251 47
502 221 39
364 143 2
417 12 38
271 125 12
753 320 13
631 833 46
270 547 14
430 402 21
94 648 43
82 547 7
212 256 21
433 190 41
474 337 39
762 177 46
480 278 4
834 162 29
777 236 29
84 860 23
757 168 12
639 986 46
201 267 9
260 241 2
984 680 29
29 895 49
229 82 19
391 480 6
270 152 15
616 453 35
114 835 30
961 844 9
139 276 34
124 837 21
957 680 28
926 97 0
612 157 19
262 51 17
521 868 43
788 808 24
653 511 26
394 664 48
132 217 2
62 340 30
251 403 11
589 976 8
426 891 24
553 48 1
547 644 5
84 324 23
184 794 0
130 605 6
504 116 39
899 184 37
786 467 11
877 424 37
15 551 23
949 549 13
988 62 8
207 313 47
941 455 11
681 542 4
795 600 12
516 683 21
79 101 26
442 446 0
596 778 5
496 57 25
976 781 0
765 920 26
570 831 31
977 750 34
189 969 31
807 13 38
196 721 4
874 316 20
299 132 37
595 920 49
84 203 30
433 54 14
215 88 36
518 20 22
439 935 44
681 381 3
628 744 3
342 499 34
155 113 11
511 253 10
439 125 8
710 640 9
355 929 11
968 272 21
949 411 15
267 470 19
517 732 30
144 360 8
291 61 16
273 926 16
331 195 8
459 528 17
948 564 12
797 51 10
100 72 32
703 259 0
381 387 30
779 840 9
627 743 6
855 147 49
59 868 25
505 255 29
62 162 18
729 858 13
275 403 19
321 91 27
719 667 41
200 283 46
464 201 9
322 502 5
549 621 35
945 753 40
216 490 20
687 163 41
651 195 46
353 157 13
710 151 5
781 292 26
615 942 49
276 467 32
47 715 0
400 148 48
499 641 21
654 558 18
216 768 9
197 941 19
110 872 33
501 614 34
870 938 43
985 185 7
619 452 48
269 176 32
60 139 27
672 911 44
449 165 37
704 140 23
557 592 2
360 429 43
551 24 6
213 969 37
135 943 16
391 96 20
939 643 29
945 485 12
289 652 4
372 58 39
506 570 40
375 944 32
311 640 18
689 7 7
968 709 4
308 775 19
144 504 0
572 423 26
210 881 47
782 28 22
870 461 11
113 6 7
772 272 18
735 296 8
543 529 31
404 863 8
82 675 8
717 952 23
6 288 36
523 411 14
410 214 13
669 580 12
537 644 47
456 470 23
367 723 18
722 768 46
796 734 2
594 890 12
7 652 34
58 670 10
379 331 10
29 81 29
968 881 28
347 515 19
668 30 13
566 398 9
322 962 9
544 995 25
53 107 1
262 68 27
203 550 12
207 300 30
324 11 13
259 8 28
393 133 39
797 992 15
261 160 46
745 285 12
527 763 20
133 314 41
470 518 32
11 278 29
427 106 47
5 630 25
762 461 28
232 108 11
904 285 23
873 668 45
750 274 19
834 491 43
884 406 13
405 313 19
158 206 14
727 925 43
506 127 3
958 485 7
648 523 3
643 301 36
928 436 7
377 484 4
135 253 26
83 716 9
793 494 19
809 865 32
376 502 47
67 62 11
603 552 19
332 773 1
823 73 12
664 213 3
369 149 6
493 971 44
218 247 1
365 156 17
273 823 38
802 342 41
692 523 33
457 12 32
279 497 34
263 337 5
786 168 15
118 817 5
486 412 43
880 389 12
272 673 9
850 293 6
189 309 47
578 829 42
900 912 39
265 786 49
454 764 47
634 788 21
945 918 32
264 900 4
328 293 12
667 316 10
860 552 45
195 340 11
366 762 11
563 352 14
969 839 47
223 676 42
460 70 1
982 331 19
566 446 29
368 673 21
200 874 47
808 422 16
926 839 38
450 459 20
981 283 30
910 148 42
622 349 34
579 966 4
377 89 49
396 824 17
459 451 40
54 27 34
648 768 35
719 628 41
472 722 9
928 318 20
430 187 18
4 875 40
499 846 2
86 658 4
999 970 46
294 527 22
984 952 32
260 199 46
225 930 2
699 634 43
780 828 30
727 746 16
7 653 7
287 864 9
475 820 25
827 116 31
87 468 37
550 907 12
9 34 24
956 568 40
957 803 45
341 709 43
419 881 32
200 856 37
61 301 9
216 257 39
630 91 4
610 872 7
659 651 23
804 369 5
141 91 33
575 601 1
717 344 9
646 303 31
358 268 27
292 550 11
607 110 9
33 167 17
822 239 27
29 953 36
221 321 7
683 739 14
191 912 33
655 846 17
51 346 12
776 997 5
552 192 5
942 790 8
415 493 25
148 383 14
596 731 0
71 347 1
613 763 45
36 677 49
472 27 29
245 378 40
337 527 28
588 793 32
529 162 14
558 643 47
687 811 6
650 388 48
715 83 10
783 722 2
285 243 15
616 427 48
818 984 49
627 393 13
271 233 25
61 503 11
259 12 44
87 658 27
841 206 23
508 202 19
891 786 25
312 600 16
527 54 41
514 544 24
710 179 41
434 806 5
863 891 33
979 66 2
168 339 9
74 133 40
477 784 37
612 900 35
926 276 17
795 346 13
253 295 43
282 495 31
981 215 2
948 77 44
188 491 13
128 958 20
577 473 23
127 649 18
750 229 37
996 181 5
974 739 23
850 810 12
327 706 6
937 588 16
9 904 39
369 17 18
917 538 28
45 120 39
679 883 18
81 217 45
164 401 4
92 265 32
172 917 14
206 581 2
856 929 42
802 59 30
572 961 27
853 198 43
446 676 15
189 321 31
317 659 9
58 184 49
58 502 22
359 940 23
193 51 25
553 325 36
561 336 13
759 895 36
47 310 38
368 135 6
919 302 33
607 581 1
563 725 9
570 322 49
929 825 3
902 472 14
96 251 19
236 767 40
691 620 32
175 292 26
308 154 21
667 800 14
433 50 5
463 953 24
19 917 14
643 626 26
217 861 38
298 147 0
921 366 16
33 77 24
383 511 12
278 956 1
228 424 40
313 181 10
151 676 18
549 951 27
654 446 10
303 396 31
398 669 17
374 942 1
926 529 8
873 396 9
560 845 20
964 276 48
320 69 32
370 304 30
50 23 7
539 227 33
623 763 36
600 931 30
592 725 30
913 366 23
489 279 43
870 678 47
151 321 35
898 927 47
786 851 44
217 454 31
179 959 21
83 529 40
710 65 21
397 235 2
721 832 2
447 614 21
891 652 20
928 576 3
981 351 20
780 801 21
140 118 9
406 705 35
844 559 25
301 28 39
206 739 23
395 367 34
242 834 28
520 577 48
877 43 26
883 261 6
36 355 3
313 908 26
263 499 45
51 557 8
366 116 4
132 39 47
903 395 44
304 363 3
133 623 30
286 292 32
474 464 17
727 312 24
222 480 49
188 486 33
900 875 31
370 743 26
820 440 5
857 518 3
435 279 35
136 818 6
756 42 2
603 705 16
314 350 2
181 220 30
83 393 31
789 296 15
558 779 11
845 144 32
285 271 47
565 69 20
419 440 40
268 896 46
607 302 18
287 588 48
615 176 0
288 270 5
557 74 24
744 495 11
981 710 35
532 638 7
740 364 19
443 967 14
498 947 15
317 33 40
432 631 45
541 1 39
331 939 19
792 537 5
158 894 33
980 269 23
539 712 48
217 594 45
283 203 29
618 320 33
624 708 43
77 551 0
106 536 27
782 714 17
46 41 40
775 536 18
416 89 32
347 344 23
578 540 41
286 738 13
106 255 25
198 962 29
104 501 13
236 766 37
164 102 46
715 957 3
380 527 29
888 703 20
235 919 28
296 889 12
235 853 33
364 880 20
404 245 46
687 426 24
969 106 5
698 3 45
783 875 0
740 559 1
514 737 22
682 962 4
954 829 34
663 608 20
909 551 6
497 423 48
399 867 30
727 551 23
99 503 2
372 538 4
793 553 37
793 782 10
832 42 45
806 375 44
749 383 4
633 535 45
834 196 36
300 712 22
16 425 11
763 863 47
908 375 22
35 360 30
309 505 7
28 174 34
139 45 39
240 449 7
970 163 38
161 487 47
668 578 48
718 30 47
802 711 15
622 541 18
676 367 40
226 680 23
987 553 40
415 99 47
525 711 15
553 107 28
657 43 10
897 818 12
270 948 16
144 794 49
640 552 37
153 734 48
955 993 27
154 670 45
813 818 37
834 265 17
151 833 19
28 986 43
869 932 1
219 469 15
49 878 36
307 720 46
315 976 16
438 605 2
347 90 28
100 988 48
253 265 38
281 539 0
867 200 3
234 367 46
862 257 47
527 866 3
966 331 31
106 29 24
580 979 17
503 68 25
638 348 23
418 239 2
299 489 16
43 980 7
362 271 37
340 280 25
911 694 19
457 117 26
686 734 20
78 611 45
781 236 49
77 673 7
470 44 25
133 649 46
50 926 41
451 801 17
574 690 2
276 15 47
825 558 20
896 218 41
252 788 4
561 837 11
400 534 18
337 325 16
851 740 46
191 911 48
19 594 42
106 197 47
800 461 28
867 904 41
398 20 46
847 268 36
656 112 38
91 192 4
574 150 32
150 653 6
191 217 18
377 396 7
343 322 31
409 771 37
466 330 38
588 510 15
470 100 46
303 359 4
461 254 31
606 992 10
496 526 32
732 44 47
924 990 10
469 564 9
328 857 37
603 486 27
989 630 48
454 933 8
404 10 32
218 838 42
883 560 20
60 974 12
816 250 45
965 974 22
875 958 49
821 153 4
384 747 1
264 690 49
346 123 47
732 577 24
361 217 46
649 660 1
444 906 9
135 431 43
863 621 43
274 623 49
326 852 22
425 80 28
415 275 41
394 508 6
908 678 36
600 180 16
246 260 31
909 22 11
194 200 20
375 959 9
248 924 6
830 840 9
214 661 28
284 83 23
104 116 24
403 725 27
651 801 33
906 715 1
229 640 22
272 734 41
183 941 18
295 489 41
650 1 28
770 831 18
373 820 2
910 959 4
188 922 25
316 706 38
402 441 39
909 881 4
312 111 28
828 65 1
203 821 18
967 160 13
537 112 36
822 263 23
836 876 34
842 695 41
109 321 27
303 630 27
913 136 41
393 737 29
831 797 6
226 457 15
8 228 27
418 992 14
725 565 5
101 851 17
692 129 40
168 351 35
331 324 40
60 781 2
603 595 43
233 215 29
437 717 18
476 659 38
72 52 41
201 485 42
177 386 43
632 638 11
824 702 41
363 177 38
273 87 37
606 866 14
528 165 6
526 687 4
267 244 45
138 697 34
340 841 41
717 481 12
140 949 22
657 45 27
817 95 10
732 346 10
224 948 36
414 817 47
170 576 19
337 636 17
595 740 23
663 671 15
574 40 13
431 529 39
474 391 42
768 858 47
511 959 43
444 196 47
649 240 38
598 340 43
875 330 17
196 600 44
349 705 8
677 825 19
967 786 26
778 952 15
499 821 29
561 953 32
950 546 21
949 364 43
734 838 22
687 777 27
309 253 23
736 433 9
476 983 1
795 154 11
272 757 15
711 521 48
537 778 43
891 375 36
237 596 48
696 469 42
569 898 0
130 258 24
264 485 21
559 298 48
65 657 23
605 766 6
372 834 25
960 120 25
629 57 2
353 213 9
440 863 23
399 323 26
466 206 35
82 770 16
62 909 12
706 357 38
37 706 40
660 567 31
52 679 35
925 984 34
129 687 35
204 688 14
198 863 22
675 608 15
348 7 16
167 821 45
817 681 23
67 550 2
34 462 45
736 291 46
257 309 2
872 510 30
567 14 47
534 507 5
314 888 8
815 185 6
640 512 11
499 328 3
810 812 8
283 282 49
938 593 2
612 396 5
716 866 19
827 203 12
504 890 27
631 138 9
798 494 1
570 440 37
8 749 17
783 748 18
243 353 31
285 43 38
541 702 48
66 205 21
864 344 31
288 949 18
325 142 6
554 504 13
522 43 6
551 298 41
908 745 10
806 638 18
973 78 39
560 653 1
294 928 2
145 627 24
933 474 14
943 702 20
992 15 34
585 472 7
32 235 4
936 90 10
775 167 33
504 465 47
785 244 8
368 411 41
374 220 49
269 368 15
38 21 4
267 410 21
379 367 41
83 191 34
178 643 29
549 764 31
25 764 43
240 961 47
634 191 22
196 905 11
622 948 28
215 328 23
67 836 19
884 173 47
998 490 32
92 479 31
193 740 17
81 586 7
366 785 46
134 937 8
761 579 9
992 778 10
1 140 8
31 847 35
606 586 41
869 497 6
460 676 20
661 181 44
335 492 15
973 289 14
405 324 5
996 700 11
358 523 18
116 659 37
446 583 4
936 328 3
778 99 15
230 123 2
438 160 47
646 819 12
493 108 23
849 747 48
992 160 30
347 359 2
685 771 25
705 150 16
977 714 7
267 487 47
974 410 17
330 574 36
382 585 38
163 710 41
701 978 13
745 725 10
354 167 5
766 381 49
645 679 39
306 967 44
506 143 43
226 343 5
325 138 12
666 733 49
764 491 16
467 496 32
712 80 3
813 378 12
555 174 36
781 944 33
170 489 15
192 761 8
859 491 10
646 140 10
392 209 42
823 948 41
795 890 33
528 973 3
415 961 23
119 37 11
773 544 10
634 614 14
339 317 21
732 960 7
166 975 37
696 673 21
641 495 28
435 558 22
27 233 34
245 121 12
469 810 41
752 91 41
801 569 15
103 576 39
228 296 44
792 512 29
643 961 43
354 553 26
313 963 8
87 992 10
927 460 32
539 199 24
651 406 22
786 709 21
665 52 30
749 803 10
196 211 48
773 739 13
773 419 49
422 417 3
402 822 23
461 203 12
288 957 23
842 411 19
113 960 40
838 953 29
375 748 30
542 90 9
934 796 8
45 262 16
709 122 16
701 91 38
845 252 34
183 965 27
680 313 9
205 239 5
43 747 4
319 881 6
276 717 18
538 81 8
363 428 47
538 956 32
741 152 28
449 892 12
220 593 25
621 304 31
415 443 33
165 529 9
992 828 44
980 193 0
185 395 17
84 892 7
149 921 22
84 192 19
645 329 8
18 998 38
344 592 37
281 536 47
88 335 6
860 435 30
172 822 44
152 924 30
280 169 10
686 260 42
358 452 30
166 806 46
648 760 34
164 101 16
482 501 14
438 313 2
468 448 17
763 368 4
878 620 29
405 302 20
658 850 25
79 839 23
357 611 33
400 617 2
166 602 45
862 901 31
629 372 44
411 541 2
221 625 22
507 517 47
169 714 36
67 691 2
194 170 38
187 88 38
79 728 7
373 198 46
178 305 39
467 593 27
666 55 33
340 537 23
235 590 42
135 676 44
535 419 41
589 621 5
968 293 11
171 362 38
394 582 49
517 759 12
325 521 39
940 805 9
57 955 30
352 87 4
144 187 22
926 137 28
96 515 0
580 665 17
357 54 20
999 928 28
138 490 0
563 384 36
841 277 28
570 300 36
590 802 17
467 556 3
295 387 19
109 952 30
142 629 3
760 490 4
141 153 6
378 7 8
464 895 7
336 484 31
814 498 28
208 970 22
328 625 3
485 531 29
328 553 49
986 916 43
187 469 13
375 592 31
45 449 37
469 376 21
532 231 6
703 322 35
366 242 39
202 114 8
968 784 32
885 714 20
401 121 38
456 367 29
819 529 36
846 264 49
402 106 20
42 664 40
971 836 40
205 10 20
638 95 19
966 106 10
29 109 40
168 151 22
114 522 4
943 565 14
780 101 8
426 877 3
298 438 7
186 852 8
813 440 11
969 283 24
538 734 11
660 355 17
974 583 14
49 398 16
423 803 21
473 795 47
833 21 45
598 440 29
254 233 15
550 55 36
732 653 31
229 667 36
43 817 29
662 514 40
348 144 4
299 850 27
570 87 25
440 213 22
444 979 5
739 751 48
625 869 4
606 356 25
594 806 19
923 845 8
354 829 14
118 201 36
713 701 39
479 542 49
276 657 41
533 935 26
526 651 15
515 716 4
227 470 31
78 583 3
479 257 15
756 251 17
738 28 16
998 885 49
830 545 32
278 893 44
879 782 12
593 379 42
537 560 23
878 379 19
358 439 2
645 971 10
53 839 14
65 442 11
739 186 15
342 233 0
581 616 16
402 795 27
859 200 33
335 766 30
711 822 0
375 136 26
539 365 11
534 52 24
934 540 33
396 581 16
855 155 28
192 600 33
408 596 24
397 475 26
468 844 2
944 794 25
512 529 2
7 830 36
629 19 2
371 334 47
684 605 24
262 992 18
968 530 31
206 253 36
15 426 44
808 834 4
593 172 49
932 747 7
583 331 12
175 329 33
972 924 38
140 931 11
863 475 20
274 645 19
439 507 4
601 805 23
77 389 40
220 602 0
61 53 44
279 326 18
900 841 31
209 795 7
723 731 29
515 671 39
138 44 46
631 721 20
757 905 35
834 67 21
490 16 49
603 384 32
904 673 30
337 877 10
202 438 30
103 913 16
473 701 29
690 582 9
901 418 12
553 975 38
948 335 45
820 18 25
169 15 16
310 638 31
278 308 30
539 675 16
153 53 47
322 566 6
898 68 14
563 420 40
779 513 47
952 115 43
30 850 34
520 926 28
26 117 2
223 599 44
310 778 24
511 565 10
836 587 12
891 294 40
159 52 5
117 475 43
125 437 12
239 872 42
548 205 31
239 202 35
976 990 6
624 785 9
748 126 8
672 685 10
692 329 25
44 963 6
345 649 6
797 919 1
43 384 21
869 73 29
968 210 19
570 250 26
4 638 5
938 133 16
983 995 12
221 224 34
546 949 28
758 154 37
121 838 33
225 708 9
993 79 47
494 818 6
987 599 4
916 377 1
663 87 30
742 560 37
665 654 3
137 873 30
856 937 30
155 54 12
969 879 12
797 798 27
95 581 10
642 183 44
974 861 29
757 963 18
299 543 14
374 909 7
909 258 39
317 395 0
279 304 48
861 59 14
555 631 21
74 943 28
551 573 36
11 675 46
483 201 2
784 59 3
753 102 42
468 896 6
868 185 19
347 218 37
993 776 4
605 828 45
656 730 29
673 380 29
826 227 36
258 506 40
148 126 36
229 342 39
971 755 25
800 803 23
358 569 10
885 985 18
447 930 3
796 332 29
825 563 3
428 520 24
594 354 45
826 78 32
42 696 45
935 637 33
386 679 48
565 644 9
702 75 46
234 691 17
875 282 20
404 119 42
545 478 41
555 669 12
617 119 3
154 60 43
271 58 2
486 589 37
680 391 43
852 52 21
821 316 26
414 925 48
830 301 44
311 281 24
256 141 28
962 385 17
391 844 5
958 79 18
180 128 43
300 874 1
559 421 2
271 896 1
173 751 1
458 826 5
771 941 20
157 325 38
608 566 14
424 990 43
87 420 0
718 587 3
882 165 47
243 630 14
543 294 19
382 138 22
670 704 46
951 365 24
905 142 30
497 999 40
155 762 23
129 287 6
129 788 21
908 106 22
371 669 42
829 533 29
75 5 49
180 408 48
716 707 25
799 482 33
380 891 16
228 537 26
234 718 11
196 105 5
959 127 28
274 769 10
225 834 49
641 108 2
531 734 27
866 3 29
886 497 37
859 685 24
739 472 15
232 856 27
622 670 24
781 535 0
268 801 36
384 996 10
917 226 40
332 708 25
186 43 47
265 304 10
7 240 8
20 8 45
130 609 34
5 999 46
993 644 44
843 740 35
160 700 29
793 100 21
992 430 44
932 475 48
145 345 42
747 322 40
200 827 49
909 399 15
129 480 11
462 282 40
589 780 32
617 539 43
452 685 45
478 47 27
581 532 49
438 746 0
408 426 38
729 124 29
755 821 25
550 374 38
153 90 13
155 987 2
900 522 6
777 57 0
723 279 40
737 543 16
988 861 17
344 119 32
443 107 20
62 219 25
368 17 25
994 889 46
485 82 45
151 288 36
181 545 24
115 57 45
142 621 7
426 209 45
943 830 27
734 292 10
394 239 40
770 393 40
819 380 0
1 394 24
582 291 44
812 826 4
716 28 34
913 430 4
406 251 47
564 967 0
776 282 44
889 692 3
647 105 31
871 346 0
395 472 40
510 717 9
485 377 2
833 758 46
881 624 48
389 156 49
101 68 5
111 989 0
880 341 49
18 980 40
555 150 44
46 641 42
963 226 29
321 686 9
268 536 27
562 806 44
463 720 4
296 743 28
588 813 14
839 374 45
712 978 11
458 535 32
984 263 34
913 635 3
292 692 27
661 17 0
652 850 8
55 952 5
742 118 27
412 864 4
253 527 17
563 623 39
291 789 0
84 783 16
95 146 38
594 658 43
343 594 35
490 672 9
655 420 9
721 301 49
104 728 8
810 870 13
578 232 11
245 722 24
905 561 1
992 370 47
218 273 12
426 938 31
847 424 25
434 520 1
999 225 46
84 122 10
622 735 38
179 210 25
99 794 21
136 195 21
180 946 14
569 66 13
219 440 23
450 487 6
220 521 22
623 835 16
964 332 39
599 946 7
187 873 8
394 584 15
378 345 19
548 421 27
205 810 3
639 27 33
482 962 49
476 172 17
520 465 20
258 302 13
416 953 17
917 288 26
63 223 7
696 756 17
793 1 17
338 253 22
871 479 28
277 48 28
618 843 12
881 540 30
701 299 23
957 604 7
694 284 5
150 385 30
780 494 33
702 802 5
634 572 35
166 21 36
803 725 3
675 223 13
52 756 30
348 242 4
513 879 2
69 415 27
893 479 26
780 961 20
725 236 24
790 335 35
751 82 36
113 280 34
427 869 11
488 256 25
53 222 31
286 139 44
16 389 8
89 895 43
36 14 32
248 588 42
312 958 0
797 644 3
936 93 19
204 181 20
719 924 1
409 603 34
894 910 4
622 49 31
835 368 1
186 695 28
154 130 33
554 482 9
431 213 45
139 192 1
585 708 40
301 451 44
521 5 10
361 35 13
280 423 48
404 406 44
956 764 48
105 338 26
490 469 7
618 774 28
573 746 28
176 318 39
301 241 35
110 462 41
273 148 11
153 108 40
261 190 46
690 759 38
220 827 31
793 180 28
166 597 38
739 317 6
898 955 32
118 122 4
525 625 1
959 298 7
177 860 16
818 584 26
439 13 9
25 720 20
260 35 14
507 896 16
823 763 9
199 106 5
817 369 26
854 502 43
523 742 12
795 442 30
931 722 7
638 899 31
686 232 22
476 627 14
975 246 16
264 275 7
686 884 25
413 183 9
946 42 0
993 439 5
431 708 1
396 810 35
352 79 31
126 306 14
726 715 19
572 148 25
205 496 0
114 671 10
22 91 34
433 226 20
199 936 29
139 904 49
428 398 32
442 580 36
849 536 5
284 271 19
886 736 21
305 247 33
417 892 27
210 47 6
142 723 20
956 380 27
122 662 17
579 748 9
747 921 47
487 30 35
65 905 30
705 190 21
440 461 5
78 567 41
563 758 7
66 9 41
466 544 11
62 498 47
396 721 33
531 151 8
477 751 43
628 530 46
113 212 6
183 218 1
134 715 48
316 728 38
710 249 15
20 286 13
506 278 49
802 176 36
879 460 5
685 260 24
700 388 0
60 203 48
210 557 49
408 159 9
434 895 39
469 757 34
650 721 34
0 82 21
384 128 40
58 896 21
148 329 5
515 727 19
778 444 22
471 710 19
13 457 46
44 873 49
565 219 43
481 33 36
618 897 21
449 378 31
829 906 16
637 814 9
685 774 29
85 188 28
984 954 49
111 45 42
333 953 16
142 890 30
752 757 15
740 665 13
94 93 26
831 375 49
892 326 37
919 373 43
899 261 17
38 198 33
191 817 23
102 60 46
59 467 31
454 895 34
925 742 36
453 640 40
584 401 36
669 415 39
621 370 45
864 210 9
80 266 45
598 696 38
985 997 43
493 911 14
575 736 7
495 563 24
398 955 48
543 408 30
594 359 6
619 132 46
425 751 31
563 320 22
581 488 21
56 134 11
15 194 17
301 873 23
965 414 29
753 777 16
556 391 17
123 846 37
669 491 21
556 474 33
292 985 40
112 402 13
92 395 24
684 939 19
259 387 18
505 390 47
860 359 0
167 374 15
480 574 39
626 198 18
867 74 17
168 773 21
165 973 14
937 363 45
901 734 4
245 571 4
599 859 25
401 153 0
599 142 2
818 347 18
828 34 48
847 922 36
685 781 41
26 7 17
94 109 5
663 960 35
172 637 1
996 186 5
332 911 42
775 14 26
720 992 44
587 166 39
17 273 2
490 134 33
173 73 1
115 45 2
498 270 46
805 715 36
721 707 35
818 931 36
123 801 41
229 648 41
279 432 41
451 297 18
801 980 41
605 550 46
428 658 6
596 706 16
313 850 39
331 993 42
381 92 43
601 545 13
902 213 46
636 522 5
374 745 37
94 343 12
814 863 12
730 445 34
380 306 31
511 961 4
533 492 13
612 596 35
635 795 35
522 632 9
231 422 39
621 169 11
831 638 42
563 502 23
457 623 31
10 239 46
294 246 19
357 646 41
815 586 39
792 0 17
387 940 36
111 379 10
31 673 21
490 359 37
963 396 14
716 255 31
67 982 14
767 887 5
907 872 39
728 524 10
778 669 36
585 305 19
591 11 44
209 894 13
855 264 36
381 473 24
68 494 37
371 662 10
918 465 2
601 312 19
918 773 40
530 144 30
453 546 24
528 650 6
121 882 5
482 965 27
433 607 15
496 665 5
163 383 41
289 576 23
980 754 49
795 831 25
615 800 38
675 724 37
148 380 35
144 543 45
771 693 11
588 938 2
110 226 30
810 595 19
970 227 10
752 495 0
125 613 22
33 891 1
653 539 40
767 711 16
777 483 27
901 241 41
311 74 32
880 780 31
487 203 14
362 133 25
746 151 17
44 269 3
828 626 34
460 564 45
219 482 25
681 46 47
197 745 38
201 167 31
542 296 33
33 320 37
271 228 44
517 657 27
783 891 2
738 598 27
166 333 5
995 349 40
428 397 9
889 308 4
430 534 0
201 532 16
913 392 36
290 810 27
965 730 35
515 411 24
226 71 22
513 580 5
309 883 35
558 458 0
332 229 43
107 453 48
741 540 41
174 508 3
579 244 21
572 870 19
32 664 20
696 741 43
660 223 37
137 683 7
84 600 17
992 485 37
363 927 27
511 285 1
756 352 45
842 345 2
604 673 22
153 487 29
268 354 11
380 419 31
469 749 20
477 212 14
819 503 46
961 588 30
498 847 36
710 198 21
531 868 18
158 856 36
255 401 45
939 185 1
554 722 14
512 313 28
57 374 28
413 709 3
980 964 6
163 505 14
68 888 22
644 190 42
149 877 49
588 20 35
541 977 2
602 214 34
531 390 10
607 914 0
384 397 22
845 16 45
1 514 48
376 136 12
914 117 29
584 662 42
876 757 17
861 303 25
375 620 32
49 675 25
936 359 41
1 819 17
36 213 31
700 265 44
82 173 8
105 628 40
389 211 20
871 304 2
450 191 24
279 941 41
577 179 25
691 987 48
457 853 47
374 386 39
684 660 39
931 592 17
232 649 33
639 946 23
812 896 2
146 282 36
30 158 30
406 465 42
787 562 4
166 443 24
359 829 27
920 384 20
544 692 6
963 726 39
175 890 4
785 106 32
958 32 16
870 926 7
354 63 8
654 529 22
625 250 38
754 524 6
5 975 49
123 721 8
56 164 23
357 860 15
757 19 49
613 571 2
405 696 0
59 72 0
223 895 18
488 795 24
5 561 7
232 914 36
189 421 8
833 354 21
214 280 1
258 476 13
46 248 36
164 691 28
538 90 23
68 307 45
262 897 17
398 881 14
640 296 31
827 911 9
801 812 15
916 446 42
859 604 9
676 427 5
403 723 31
33 196 28
576 698 18
378 994 37
138 192 11
602 647 25
531 916 47
443 223 42
937 878 2
748 376 49
457 787 44
451 955 29
965 32 0
187 58 21
639 812 49
207 210 29
907 408 12
596 768 39
800 415 5
570 469 13
551 984 49
171 460 29
874 273 35
594 976 34
214 387 29
997 177 48
1 434 24
924 37 23
627 180 47
271 696 24
193 303 41
442 342 37
661 956 33
244 942 38
246 784 1
195 462 8
838 528 33
777 643 40
103 146 26
202 144 5
93 144 48
43 19 44
638 525 33
76 261 46
132 271 44
518 160 11
465 61 45
662 913 37
553 513 5
407 69 39
475 693 6
115 133 13
384 191 0
427 244 14
922 598 32
841 813 20
534 364 15
245 967 29
754 563 11
525 530 42
430 82 9
482 697 30
607 424 45
185 544 45
839 773 7
815 142 13
310 685 36
44 993 1
924 510 15
321 654 3
771 246 19
649 559 3
297 576 42
595 981 19
507 965 29
229 173 4
947 373 10
922 260 16
227 998 36
605 654 21
735 968 36
595 824 6
591 937 38
557 275 43
513 396 46
907 977 16
234 458 48
177 168 36
398 347 3
797 508 41
451 667 19
966 590 49
58 135 5
614 393 4
381 87 24
745 505 19
386 932 22
979 844 38
302 848 23
670 98 34
225 258 16
793 423 32
376 705 38
641 21 17
478 870 8
19 229 30
113 996 4
655 108 2
243 641 40
70 607 2
126 676 43
605 530 7
334 70 11
992 554 0
315 251 3
31 16 41
347 440 48
627 734 36
972 588 31
785 113 25
79 217 31
845 809 49
360 104 46
94 219 11
171 503 34
909 437 27
497 320 40
909 385 47
920 737 23
934 10 47
672 410 5
256 517 40
890 815 12
725 659 25
473 258 11
491 803 14
164 483 10
472 834 20
89 34 32
532 772 38
819 561 31
481 777 1
629 420 47
926 83 30
533 106 6
111 868 47
265 459 7
326 562 44
892 985 46
621 973 21
969 169 37
257 709 18
326 321 7
368 334 5
379 25 5
43 29 2
992 492 3
116 785 29
250 85 38
897 773 27
77 820 5
279 226 49
458 57 48
742 559 8
747 77 0
723 739 27
946 549 36
841 374 49
61 648 17
287 869 3
212 438 36
77 645 44
217 856 7
861 397 30
110 660 13
558 86 4
266 920 37
572 644 39
12 956 46
585 251 32
542 922 40
535 988 28
402 103 33
907 800 41
416 393 5
555 601 17
22 632 23
104 221 27
5 108 4
843 809 41
549 215 12
451 670 47
248 369 5
550 221 33
406 327 36
441 809 20
147 695 27
567 656 1
175 428 39
782 112 20
599 0 3
134 877 11
398 687 36
618 839 16
839 364 0
526 8 39
544 757 35
786 498 46
519 132 29
493 443 40
551 186 32
242 490 5
484 476 36
726 313 17
234 400 23
527 186 22
161 910 22
302 852 39
179 712 25
901 894 2
804 84 27
258 568 30
201 518 45
666 30 5
473 873 17
326 582 8
215 325 45
304 870 43
221 983 7
614 881 31
1 886 44
478 977 8
83 265 24
264 907 35
541 611 18
551 168 31
217 33 31
559 584 8
678 961 22
464 262 10
611 907 39
665 905 4
98 481 14
685 366 28
886 791 33
201 8 21
596 805 32
355 82 36
493 866 48
556 986 18
474 936 35
814 229 28
950 461 25
975 807 18
192 165 24
44 610 25
421 786 47
478 987 9
993 182 33
456 850 17
207 269 39
957 48 0
76 286 31
910 600 47
887 904 41
866 552 25
812 935 10
444 999 17
908 998 7
129 446 28
245 131 3
126 529 22
456 760 23
557 141 0
45 190 2
592 385 23
504 225 25
444 79 21
807 905 35
600 433 36
490 149 28
163 726 48
793 607 0
336 356 17
929 716 18
693 877 45
759 355 43
711 164 5
498 403 9
511 774 46
772 647 44
239 396 26
698 187 27
789 605 49
871 541 32
167 462 40
692 150 1
549 91 35
379 969 15
490 293 9
142 912 5
395 915 39
332 148 16
117 91 4
460 51 47
74 888 13
600 457 39
308 578 39
467 2 33
264 347 47
259 683 19
733 382 31
999 70 16
218 64 47
937 524 1
586 105 10
340 874 44
923 241 39
846 743 45
938 845 28
375 257 35
112 369 28
296 909 14
328 132 42
141 166 18
830 409 21
747 403 17
608 346 35
881 651 5
17 469 39
547 761 43
713 905 11
266 546 34
165 255 29
492 435 34
141 490 31
522 749 43
160 553 17
620 43 0
217 202 26
679 896 42
293 6 25
679 892 8
210 626 43
252 573 49
745 433 39
49 152 26
525 100 30
464 175 45
122 972 17
662 865 9
662 508 42
541 655 47
898 697 40
52 578 4
201 339 1
385 520 3
271 107 39
607 967 37
346 781 6
143 550 12
789 141 5
875 712 10
96 379 24
390 393 35
784 705 10
45 985 18
981 761 8
384 694 14
166 65 3
209 163 38
518 416 14
123 78 10
195 667 13
656 148 29
58 907 44
530 497 33
273 938 18
840 254 13
732 746 24
465 541 5
687 162 1
722 746 44
603 875 14
76 576 21
337 238 11
162 561 32
741 945 17
736 692 34
796 697 36
21 534 29
422 807 38
273 812 28
668 541 37
359 388 21
50 944 34
204 89 44
325 677 16
629 678 0
478 565 33
684 15 3
318 642 39
708 245 36
167 258 15
472 201 31
231 124 12
809 296 5
778 943 49
354 746 28
372 206 27
568 571 40
216 297 28
527 734 46
538 957 4
687 910 40
334 120 11
876 45 29
769 952 44
522 644 21
401 858 45
220 463 10
302 41 49
333 665 4
439 340 26
47 108 38
464 552 24
343 951 16
766 849 4
341 314 47
619 860 17
699 992 23
946 608 6
516 476 9
518 415 44
422 357 3
814 11 7
80 555 21
11 979 45
236 713 16
480 173 6
45 867 16
601 915 4
18 479 36
180 489 11
993 614 30
970 538 25
292 833 19
438 887 34
751 190 17
612 74 25
559 314 36
923 540 42
500 13 17
851 925 36
279 459 3
559 410 37
860 135 46
412 758 45
321 424 49
184 563 29
748 670 28
611 656 43
561 380 47
296 930 49
401 365 18
308 620 40
452 752 10
78 393 43
935 765 16
133 534 44
14 975 3
285 443 22
779 642 35
385 56 24
228 723 14
314 842 26
592 901 8
790 29 33
250 272 32
505 232 9
116 706 18
215 518 7
349 16 25
55 937 26
35 730 8
521 407 11
865 340 33
712 447 8
786 577 41
537 386 34
763 912 37
210 932 19
780 921 21
275 665 46
111 598 2
391 170 19
999 820 44
380 192 20
66 665 25
318 829 45
823 941 6
207 400 9
592 635 22
330 871 14
289 126 46
555 459 29
710 638 44
864 809 27
185 539 4
874 118 36
161 998 37
420 64 10
219 972 32
130 841 43
804 564 20
131 229 0
964 278 1
60 619 12
82 410 18
352 721 48
742 573 23
590 750 49
188 739 35
365 826 1
812 394 44
918 439 20
967 433 35
270 970 17
827 170 19
873 361 20
823 296 9
880 356 45
586 672 21
228 141 21
472 673 12
248 42 12
284 557 9
250 928 4
791 568 27
441 287 39
423 669 40
80 498 10
640 350 23
817 853 47
582 322 45
451 935 29
424 766 44
436 440 28
46 543 24
335 641 18
172 572 6
863 800 33
772 110 32
553 59 48
607 528 26
934 346 23
949 841 27
750 959 22
231 54 2
317 198 47
947 787 1
129 463 9
408 385 27
233 505 31
685 598 3
183 495 11
246 274 16
727 564 14
183 862 29
909 528 20
262 356 45
866 802 38
52 356 13
472 917 19
508 242 30
145 333 6
347 858 47
27 41 1
446 7 44
870 328 37
150 285 7
27 637 48
582 660 41
646 365 4
339 589 37
429 526 45
523 212 9
375 848 19
902 590 38
990 853 21
48 98 39
284 113 23
884 962 34
689 572 8
433 448 14
955 429 4
465 779 2
35 30 24
997 801 21
502 700 1
713 108 1
281 814 15
78 328 28
340 827 31
458 208 16
160 318 22
89 165 43
392 723 10
119 401 22
963 161 41
667 118 26
599 871 49
182 737 16
471 160 15
137 298 0
414 961 15
954 251 6
674 912 1
631 807 44
225 892 7
672 10 45
830 73 22
657 852 6
308 867 17
237 744 16
17 935 30
692 390 37
605 87 49
93 959 8
568 980 7
708 879 46
710 611 44
621 698 13
734 331 12
94 985 30
126 643 9
952 819 23
928 358 22
534 71 26
480 96 15
701 806 12
452 855 48
2 67 29
778 612 3
150 372 34
476 642 3
309 912 47
863 739 15
241 72 17
22 184 28
155 872 11
435 495 37
947 748 25
223 500 28
858 325 29
469 826 37
951 860 5
434 417 41
774 571 37
943 623 0
594 817 39
429 201 29
723 828 7
391 521 34
112 597 5
123 54 37
703 329 39
121 201 19
127 373 2
826 308 20
620 823 26
489 195 41
123 385 10
693 988 28
633 175 30
381 848 11
751 965 5
457 825 16
993 811 9
567 484 1
881 667 39
444 374 40
512 175 37
862 97 44
46 469 32
184 261 35
732 388 30
94 897 25
385 510 44
716 225 8
905 838 10
122 687 36
399 169 10
378 436 31
876 751 45
144 149 37
581 80 44
929 120 18
256 408 3
156 390 22
798 957 41
411 321 10
115 750 43
130 812 15
721 587 26
87 48 37
328 497 24
456 243 11
385 205 10
391 328 32
341 397 0
289 227 20
626 732 10
738 11 5
550 21 23
922 585 0
345 812 31
746 53 38
471 626 48
359 134 8
443 160 33
398 120 5
661 784 33
46 508 38
348 408 15
240 341 26
964 144 5
82 975 42
729 625 5
23 736 37
194 405 5
544 1 41
614 596 23
413 156 38
609 139 14
884 404 30
560 308 22
1 410 39
680 786 49
372 92 14
338 131 47
230 661 0
186 654 49
627 273 18
75 188 8
840 679 47
508 449 17
542 263 17
645 426 18
557 812 33
746 126 21
889 473 6
350 791 13
672 493 9
857 240 36
914 112 37
651 758 48
911 453 3
534 872 8
76 208 16
702 360 43
157 559 36
524 897 42
788 107 13
350 449 5
624 741 48
945 30 35
6 763 42
967 922 36
964 474 2
528 873 14
824 403 9
861 632 5
684 904 48
759 885 28
917 517 45
860 731 33
127 97 47
610 436 46
114 228 45
2 871 1
480 681 14
598 329 10
412 347 25
778 589 39
99 633 6
862 14 35
582 43 18
361 306 37
550 564 26
239 534 31
766 808 4
860 558 20
677 365 10
191 531 2
184 675 40
815 308 40
259 606 38
689 360 39
129 688 24
199 192 8
911 817 5
33 519 21
437 513 15
992 235 42
588 674 29
581 323 26
184 768 3
14 272 33
606 34 43
433 982 38
95 928 26
855 58 28
955 684 31
802 819 26
303 651 16
918 898 5
447 803 42
131 795 5
403 276 19
216 556 13
238 281 40
441 795 33
401 510 31
906 778 35
708 961 17
258 284 37
14 946 42
849 446 11
151 436 7
857 809 20
916 956 16
383 52 7
195 623 36
803 259 47
362 701 28
931 309 10
548 442 27
476 215 27
499 713 2
153 436 25
630 737 35
737 14 3
956 890 47
156 451 6
135 46 36
350 522 6
946 770 22
315 605 22
755 100 21
984 239 4
289 356 37
704 277 44
630 461 15
868 583 31
957 738 2
961 421 48
876 915 24
982 307 42
603 343 8
578 55 48
755 810 12
450 0 14
608 638 25
424 758 7
239 299 42
724 550 18
232 920 30
871 853 31
788 913 4
755 322 38
119 945 6
900 702 29
143 87 35
481 124 4
842 394 37
90 155 37
651 511 37
875 153 40
278 895 30
640 751 48
823 883 12
31 873 8
255 898 23
544 293 3
798 119 7
743 936 27
865 629 5
40 814 6
493 172 12
994 961 33
169 499 48
365 742 14
48 453 13
819 885 24
324 126 34
2 87 14
676 149 36
983 912 36
406 706 32
476 700 28
509 582 5
994 763 12
547 575 41
959 958 40
575 731 18
769 473 38
409 385 23
201 169 37
456 661 0
833 53 49
146 347 25
765 855 8
276 97 46
293 538 28
725 967 40
409 923 2
647 399 2
971 505 33
838 55 13
536 710 21
214 75 26
967 773 19
880 629 43
111 28 26
237 975 32
445 353 44
425 750 42
827 71 43
113 342 45
298 775 6
333 962 35
600 953 46
190 818 8
402 810 27
136 612 40
595 237 5
209 53 23
106 877 11
591 199 29
224 478 17
182 243 49
167 401 8
503 894 39
596 878 24
50 477 19
988 177 41
780 450 9
754 591 16
753 710 20
151 984 49
3 887 36
232 836 46
344 337 26
852 176 34
343 446 48
803 896 32
603 128 46
175 260 39
350 91 26
886 957 45
327 286 10
237 926 10
444 760 21
774 485 31
432 124 27
707 737 14
981 223 0
816 267 3
419 87 7
340 7 14
391 827 30
864 841 8
684 831 20
549 586 27
413 718 5
786 659 44
160 688 46
300 742 19
164 972 16
652 210 7
19 524 18
820 669 42
264 21 18
545 929 1
82 358 39
546 353 10
319 829 45
927 826 39
801 127 47
482 685 17
572 367 37
857 241 31
917 188 43
809 403 38
756 533 15
268 783 8
666 165 12
227 605 28
283 113 29
685 615 15
629 238 43
30 535 2
935 998 49
160 51 36
346 153 9
45 475 24
3 446 5
929 63 14
838 233 9
508 282 0
828 268 10
398 27 5
629 512 40
761 545 16
198 346 46
538 748 2
772 192 11
128 385 3
319 851 38
899 404 40
872 325 39
109 724 13
658 42 3
188 164 2
852 488 22
773 590 10
524 224 28
282 448 5
405 84 0
949 472 32
834 137 2
858 129 8
560 612 26
576 926 18
431 383 14
672 668 3
89 706 26
996 841 2
361 108 26
329 177 7
597 425 10
765 789 19
996 802 3
513 827 32
0 107 18
543 483 44
413 118 46
404 998 33
615 634 10
527 799 25
152 744 15
544 51 37
487 585 38
329 634 8
761 795 31
576 317 22
531 771 48
826 360 7
493 722 14
369 983 31
544 122 21
351 826 18
784 976 10
712 194 6
235 273 21
995 987 18
8 326 7
609 218 10
209 482 48
396 575 28
544 816 7
369 49 0
421 463 21
518 694 32
597 440 28
996 722 28
28 524 26
293 92 46
388 224 35
590 694 27
507 66 23
702 308 12
633 218 40
869 937 23
494 844 30
533 679 10
624 251 7
92 677 49
979 437 43
80 328 43
846 827 19
505 589 3
556 343 42
889 786 35
840 805 10
711 114 19
879 972 14
47 311 4
777 164 14
547 344 33
736 232 16
365 58 8
472 83 45
698 945 47
125 996 41
696 14 46
87 115 34
919 943 29
96 491 30
68 100 8
484 504 25
577 549 42
751 248 14
422 7 8
482 140 10
139 710 3
687 837 15
306 570 29
184 537 0
257 156 7
147 725 4
430 535 46
216 513 34
256 545 27
12 249 17
504 265 31
942 664 20
571 118 19
659 122 43
27 841 30
261 588 2
393 492 41
982 485 12
936 436 42
3 782 12
197 143 41
370 196 40
177 509 41
796 394 44
621 753 38
91 666 16
596 479 23
300 763 33
252 877 19
982 169 39
573 139 4
761 401 26
935 717 12
848 19 3
872 717 10
166 689 14
868 331 3
36 756 30
170 15 46
177 716 44
941 643 31
344 678 6
496 779 22
837 237 18
144 390 23
111 419 0
582 636 6
151 654 27
482 551 3
247 534 4
792 852 12
788 987 40
214 169 18
348 208 46
363 606 39
704 92 29
706 206 4
123 414 30
996 908 33
336 926 35
873 960 3
95 145 37
639 346 36
600 515 8
201 75 14
453 179 27
161 0 25
676 492 12
157 432 38
155 184 27
981 731 39
994 453 22
98 979 7
108 306 36
889 228 4
653 336 42
190 764 42
700 474 8
49 77 8
370 87 24
843 768 4
81 629 16
673 258 26
798 573 34
32 153 47
487 795 24
950 829 44
773 13 17
743 457 30
883 929 7
397 520 7
212 169 36
335 138 6
256 751 21
474 294 8
159 875 6
482 560 33
884 842 27
978 170 16
67 854 38
111 300 37
858 682 7
760 957 44
323 445 13
600 945 5
960 924 49
762 267 24
893 721 8
308 538 19
626 624 1
716 317 10
598 878 40
861 600 19
228 675 25
531 615 21
849 54 37
738 608 35
931 565 40
874 547 44
547 884 42
69 202 15
588 10 36
791 627 48
353 593 3
165 651 3
874 173 21
230 306 6
711 177 4
420 899 6
307 879 37
491 146 45
929 870 3
561 678 7
458 875 12
172 798 47
477 627 21
766 358 24
5 84 30
916 649 2
142 553 3
706 885 30
360 173 38
264 396 0
114 908 32
712 567 46
847 663 29
645 291 44
196 230 49
956 445 16
423 485 39
542 207 6
225 89 15
860 842 9
669 410 5
513 852 9
94 777 11
3 657 44
44 400 4
370 100 8
71 23 28
599 221 44
554 90 28
526 417 9
833 405 22
676 694 39
394 51 25
384 542 32
557 73 13
683 836 32
302 837 38
728 888 8
209 295 32
534 776 28
308 321 32
334 737 45
259 516 11
587 706 26
167 564 10
72 684 14
799 353 9
900 380 27
787 194 22
328 53 5
379 857 11
198 625 34
84 987 48
460 319 17
554 911 17
31 83 4
679 524 32
672 818 30
794 669 36
418 52 30
400 542 2
913 123 34
911 589 5
251 896 2
909 627 40
74 515 47
173 659 26
432 329 48
849 440 10
18 877 27
253 993 7
705 628 26
532 859 32
766 407 16
303 587 37
778 765 48
756 929 40
467 819 16
449 777 42
879 792 9
394 70 25
777 501 49
863 777 26
994 283 38
482 779 42
42 667 43
748 411 39
393 628 15
630 779 0
258 261 13
996 289 4
537 391 34
611 35 11
885 701 46
18 672 14
982 141 6
764 363 16
287 853 43
892 769 25
28 208 9
520 399 4
629 489 17
503 462 21
961 389 40
442 873 44
947 259 38
989 180 9
648 196 26
551 340 25
607 700 35
685 82 43
479 705 34
666 26 10
491 329 11
706 182 10
185 342 28
122 157 26
302 251 13
42 416 31
987 261 11
474 801 32
595 868 12
490 425 47
663 399 4
607 496 37
936 379 6
250 733 17
629 842 46
534 440 28
888 808 25
311 602 32
696 581 13
205 712 32
541 487 25
287 365 28
390 890 6
288 633 29
41 377 11
157 694 40
283 499 13
613 166 41
803 353 39
783 128 22
603 604 30
511 923 38
510 345 27
888 327 4
619 846 13
882 664 49
440 172 10
501 116 3
743 604 11
124 345 3
876 756 48
339 730 3
44 121 13
201 905 2
494 972 26
686 196 30
862 367 33
197 897 38
365 647 32
675 659 21
505 89 43
437 557 30
403 910 17
118 139 46
267 449 49
686 430 17
558 933 43
715 990 48
488 585 41
355 327 15
626 29 23
280 718 25
860 692 6
450 939 35
867 26 11
512 263 21
692 869 35
423 732 8
894 14 22
464 34 4
556 766 49
544 299 32
677 649 20
177 34 10
460 289 49
733 404 43
227 529 43
607 611 4
517 121 5
465 35 7
663 946 31
499 899 35
414 696 26
722 156 49
317 520 17
529 878 0
220 321 38
795 639 20
961 861 34
886 261 16
387 22 47
441 368 4
713 59 33
350 155 22
854 906 21
16 402 9
384 381 3
182 91 18
20 359 43
30 359 13
251 734 36
282 887 42
768 888 26
253 105 17
783 511 21
831 626 9
903 183 36
852 434 40
249 381 32
417 501 46
22 719 39
663 471 44
35 960 21
205 461 20
688 186 45
425 480 47
540 379 5
383 162 24
819 427 40
944 936 29
760 546 34
44 240 32
50 164 48
376 538 25
562 46 1
432 561 17
619 719 3
94 609 28
233 746 13
592 944 26
538 24 31
93 262 27
271 16 3
192 854 23
419 993 6
219 557 22
458 716 20
69 120 14
611 556 6
460 599 9
398 487 25
739 358 5
655 732 3
597 696 28
784 452 31
615 124 25
346 258 49
41 994 15
716 333 49
741 908 23
330 459 0
791 725 6
274 897 30
314 992 21
888 642 18
469 439 24
626 93 47
768 899 5
436 894 41
314 213 37
210 338 21
848 632 2
853 444 13
683 905 19
766 164 11
238 633 25
798 343 43
907 740 24
240 191 5
429 167 29
982 397 45
256 903 38
787 545 32
22 38 8
602 762 19
196 113 15
650 635 32
709 997 32
172 725 35
57 218 10
85 645 29
862 832 13
993 945 44
139 514 41
529 337 6
711 359 15
453 872 31
934 974 43
234 993 36
188 167 2
893 44 8
495 302 11
662 664 21
232 145 35
886 0 18
74 351 14
704 857 33
321 536 4
211 31 35
964 593 17
957 405 19
916 175 5
761 163 40
986 640 40
530 495 22
700 287 33
461 679 19
431 767 7
130 187 8
558 780 16
499 837 42
425 439 47
652 833 32
799 784 42
265 807 5
364 3 28
786 910 6
930 374 30
793 33 2
836 327 2
25 507 18
790 423 11
425 4 38
582 219 15
943 931 6
670 639 16
893 795 43
15 523 3
23 112 43
46 704 36
642 585 40
442 425 33
486 821 28
387 836 0
445 848 34
44 808 41
849 941 5
738 271 48
865 98 38
571 843 10
468 897 31
847 322 13
107 755 14
162 235 4
483 804 46
455 191 38
105 828 42
374 491 28
443 490 24
958 107 47
133 936 11
595 46 13
809 812 12
321 318 16
117 954 14
846 126 5
905 988 31
827 708 14
790 604 28
459 446 3
511 526 37
315 15 14
675 897 28
992 360 32
392 156 49
747 201 17
217 850 35
559 519 28
801 320 34
801 301 32
165 964 40
71 773 0
702 149 25
833 102 12
540 543 17
779 293 11
323 518 5
904 845 27
489 55 35
632 561 35
421 772 16
946 918 39
577 894 28
322 772 28
185 83 10
556 203 42
410 799 36
726 768 27
83 116 14
858 823 0
238 428 13
9 648 25
407 747 10
576 891 32
779 151 44
78 574 7
419 625 15
460 179 45
270 212 24
659 980 25
369 330 9
777 185 27
994 428 40
916 294 23
880 80 45
924 472 7
453 602 9
941 670 21
860 798 28
562 809 40
842 449 14
50 550 21
544 341 31
87 160 6
983 491 42
842 80 0
714 968 30
384 351 17
231 226 6
199 440 9
998 266 37
192 753 37
759 826 28
775 864 13
984 854 15
750 455 32
789 484 30
325 185 39
21 733 32
268 101 34
459 876 2
543 344 18
178 947 24
497 964 17
864 59 3
281 886 24
659 362 31
751 209 24
214 524 48
591 989 24
972 4 19
556 324 46
748 665 11
230 393 10
675 932 18
444 321 44
428 550 16
466 443 5
811 204 11
228 985 48
780 676 30
256 783 40
105 327 38
784 817 6
497 943 4
621 350 16
273 216 19
468 73 25
790 656 33
756 812 28
489 56 29
326 796 25
257 714 40
19 146 33
628 450 26
273 110 1
525 568 49
254 354 12
651 656 47
560 171 37
489 531 35
94 353 18
559 245 23
254 208 14
769 658 7
78 513 25
730 112 30
354 103 34
475 909 22
108 638 17
177 186 47
651 125 20
570 924 46
692 442 22
471 975 36
651 178 19
828 563 19
891 624 0
443 153 26
785 18 7
756 357 15
76 505 12
672 803 23
999 143 37
168 803 8
661 336 11
562 374 22
460 75 6
396 656 23
394 888 4
439 926 41
787 298 29
876 783 14
104 884 4
618 541 37
8 621 16
453 858 23
370 198 1
728 429 41
569 472 6
836 412 10
646 903 39
406 34 8
369 532 41
732 328 16
241 684 6
816 268 27
246 452 1
979 471 14
173 502 2
594 288 21
931 186 11
17 352 12
954 151 22
190 442 15
582 458 25
960 396 28
852 525 43
587 485 6
835 35 29
271 533 14
483 930 35
517 511 29
8 234 45
986 838 48
469 491 17
83 641 18
26 481 2
711 616 1
423 329 36
496 118 18
742 459 29
881 327 47
308 103 32
296 33 20
623 290 28
965 724 23
817 776 28
321 284 33
331 529 32
184 931 34
826 102 3
503 65 13
590 530 28
469 790 41
613 219 38
101 484 24
732 480 35
539 631 28
734 954 25
162 454 41
722 228 34
436 617 39
240 45 45
785 354 44
524 867 11
373 214 11
129 776 35
54 571 31
615 894 47
572 537 29
126 340 29
535 83 35
976 24 24
932 661 38
618 260 6
984 501 39
594 27 26
122 747 24
98 650 16
237 2 47
347 49 17
963 319 22
507 393 41
186 759 39
535 166 42
123 418 40
601 516 30
781 996 44
394 252 31
462 624 20
680 709 49
82 357 14
225 228 11
513 139 21
974 439 48
853 164 35
336 659 23
553 909 48
910 27 28
418 364 23
565 138 47
873 889 1
551 951 0
746 51 47
888 401 44
136 798 28
776 807 44
486 282 47
664 529 28
332 315 17
977 824 32
364 120 1
535 721 13
187 284 9
983 299 30
937 377 34
496 749 31
860 893 28
894 883 32
889 22 31
330 160 20
819 103 47
538 315 37
473 747 41
828 326 17
1 853 19
294 369 42
69 866 8
603 565 29
135 123 29
803 716 6
992 375 35
342 100 11
936 465 38
758 189 36
404 52 26
616 704 33
57 312 43
162 360 47
782 756 25
662 962 37
398 171 34
773 326 35
803 106 23
915 909 36
531 538 10
839 935 20
105 971 11
430 544 31
40 47 47
342 598 49
766 96 29
211 511 38
922 360 38
637 987 44
714 765 36
534 468 21
715 94 13
321 566 39
849 709 38
284 537 44
730 796 13
414 500 13
46 986 1
857 201 7
689 397 36
656 854 33
775 32 21
554 15 9
935 732 29
917 591 28
833 399 37
531 590 7
855 370 11
800 489 40
23 84 26
521 734 24
830 234 29
133 87 0
942 57 31
256 604 15
416 383 19
491 787 43
642 199 6
573 810 10
243 3 24
524 944 48
33 794 35
788 273 24
465 705 34
870 881 33
23 51 6
17 493 31
881 411 26
285 887 25
751 599 44
155 592 48
678 684 36
645 750 46
136 54 35
291 989 28
988 70 17
4 447 22
316 788 12
833 470 13
737 740 40
101 382 28
817 650 42
910 398 27
953 808 28
997 245 48
299 164 43
466 118 43
697 437 37
864 142 46
607 916 17
598 131 11
988 413 7
908 596 35
97 637 17
970 309 21
376 347 36
36 450 35
549 177 3
103 104 17
464 785 44
357 601 23
49 874 35
997 542 40
330 306 35
739 4 37
792 571 33
190 346 6
506 152 33
724 855 18
440 894 12
543 725 27
44 37 31
259 338 23
444 175 26
965 788 45
53 101 0
37 50 30
553 279 27
228 303 12
506 114 17
6 208 17
988 592 10
257 418 17
182 382 8
313 791 27
168 767 18
135 579 11
850 57 40
492 636 3
286 265 1
432 701 36
997 113 25
515 27 37
535 746 48
911 558 23
385 577 15
490 182 18
664 149 16
448 703 28
564 236 3
756 887 25
173 347 36
504 581 15
921 397 42
647 818 29
43 560 47
90 705 19
341 413 1
304 143 20
199 559 6
779 253 31
404 440 29
945 555 14
164 256 25
633 493 36
548 784 35
553 927 36
951 664 34
950 578 35
8 191 45
572 206 5
885 441 48
609 480 15
85 976 12
190 867 3
450 421 25
821 624 10
656 389 30
507 304 14
987 550 3
735 142 2
308 177 44
577 71 48
573 487 42
483 851 20
671 222 27
67 979 16
123 923 23
607 346 21
542 783 8
798 111 37
658 28 49
5 831 32
851 359 22
711 612 16
591 949 2
468 266 15
389 391 18
338 278 14
670 456 3
30 279 48
119 419 3
644 679 11
692 927 48
818 881 16
318 845 34
57 474 5
902 862 15
963 73 49
551 399 25
270 848 42
127 294 33
558 770 35
46 36 36
102 549 18
172 426 13
416 335 3
983 422 3
719 851 46
914 901 35
212 147 23
63 872 40
822 228 1
574 329 6
240 103 30
43 684 5
310 196 39
659 432 39
207 118 12
798 421 27
260 243 7
62 710 27
711 819 27
125 654 2
332 116 12
308 656 25
456 40 7
61 103 13
538 117 7
578 648 13
950 167 35
992 479 47
755 500 45
918 630 12
119 29 6
732 202 35
236 891 32
277 970 21
222 404 23
420 209 44
3 5 21
721 623 31
950 441 21
498 164 36
587 101 18
530 952 3
685 562 20
539 337 12
864 50 12
406 127 16
495 130 24
288 733 17
478 751 14
174 92 16
453 631 27
174 878 0
682 979 21
937 274 15
390 67 30
961 766 22
215 582 42
552 225 4
102 287 49
729 789 15
362 293 43
165 323 4
658 340 10
903 512 26
562 206 30
203 555 42
984 839 42
971 476 11
550 139 13
519 349 42
974 427 49
323 130 16
124 526 33
668 58 25
152 338 44
859 677 32
841 690 20
624 469 33
682 454 4
535 271 7
416 104 26
790 481 5
897 899 1
444 787 34
694 28 2
827 984 8
57 363 21
135 772 24
479 408 47
397 188 1
55 983 22
532 443 7
345 262 1
798 305 3
192 524 13
279 939 35
591 626 45
165 296 36
911 59 12
270 96 6
39 493 33
212 781 21
930 446 17
836 643 15
92 721 18
177 929 33
453 865 10
189 358 5
28 235 2
49 903 15
324 805 41
120 5 35
10 451 10
303 841 38
708 790 20
167 922 28
683 661 37
209 203 16
713 38 4
944 536 9
411 978 40
434 686 6
856 830 39
943 880 13
24 166 14
312 478 26
438 187 4
305 101 10
86 564 27
318 476 22
350 381 44
969 42 44
120 812 48
594 459 21
62 792 24
197 690 44
301 331 4
663 686 19
754 671 10
593 718 12
311 162 32
451 55 4
526 739 30
89 426 43
244 980 36
945 672 43
367 192 49
443 896 12
728 924 37
135 501 22
274 847 43
450 906 21
896 819 10
264 671 19
498 251 23
443 67 2
160 933 6
522 561 44
901 72 14
282 549 48
581 684 40
481 758 46
166 934 30
621 331 49
858 826 17
720 48 36
483 449 16
791 216 24
838 995 44
286 393 11
288 123 19
901 29 47
635 56 37
357 909 6
17 295 41
627 950 43
495 884 32
796 333 24
348 400 13
743 188 19
903 817 47
342 5 47
299 207 13
156 171 41
949 810 20
895 310 19
716 183 33
471 429 31
56 98 1
245 971 1
156 907 12
764 348 34
588 715 47
99 894 39
295 509 11
873 515 1
805 991 13
639 659 12
881 952 6
673 636 5
943 249 31
357 75 18
743 702 11
825 418 21
728 292 28
688 482 5
309 634 44
142 720 10
763 82 16
775 665 12
963 975 11
301 437 14
765 275 14
693 925 19
102 546 47
979 800 15
454 419 21
359 217 42
28 757 49
633 654 46
728 843 21
36 789 26
503 97 47
892 184 40
319 397 12
816 651 45
534 297 33
720 282 6
46 765 47
407 942 47
4 695 12
137 319 31
460 276 34
686 384 42
374 950 7
877 719 32
60 549 14
177 940 35
921 168 36
447 127 22
946 843 25
853 11 19
24 744 28
876 472 21
732 512 47
831 810 23
466 144 28
561 156 1
678 23 22
866 42 16
737 644 47
259 192 37
476 410 4
292 438 24
458 492 7
100 676 14
114 211 14
785 503 40
355 501 32
459 284 34
830 517 44
341 490 14
871 248 4
348 18 9
588 491 37
989 544 18
691 944 1
298 560 12
328 559 22
790 563 10
28 39 33
420 994 26
654 868 16
995 975 6
582 616 42
452 641 5
620 692 25
634 109 19
917 293 25
864 855 20
270 377 7
750 345 37
334 337 9
524 809 1
32 151 31
837 933 37
990 759 29
293 271 45
7 327 28
11 602 28
801 152 43
991 444 29
78 124 9
628 765 29
19 880 20
279 196 4
204 433 42
957 454 30
769 536 15
24 264 47
4 600 2
427 466 43
664 708 30
857 227 21
291 67 25
1 561 27
220 366 10
612 952 41
453 718 34
45 7 11
577 208 37
831 977 28
447 994 47
666 255 33
972 173 17
967 136 14
45 338 13
758 266 41
218 503 21
686 336 14
659 753 26
477 780 43
887 681 18
931 107 49
975 465 8
244 414 36
319 870 33
298 229 7
789 701 2
806 427 23
992 815 36
271 887 10
745 535 6
368 766 14
5 856 31
958 436 49
840 177 31
376 250 11
402 690 18
69 382 13
502 910 18
512 64 40
150 665 24
847 200 19
352 554 2
543 187 0
283 839 46
601 245 36
106 837 48
152 782 25
567 206 42
112 79 40
777 298 19
824 195 43
894 305 21
208 824 0
457 709 11
436 765 29
260 867 2
510 516 34
438 104 10
383 551 28
791 325 19
918 700 40
359 156 22
262 186 32
562 434 9
484 786 21
695 209 29
129 934 43
494 482 43
943 862 28
709 471 10
747 913 7
623 7 2
841 335 24
708 638 36
458 400 24
293 441 33
111 885 14
899 377 25
476 724 46
147 45 47
110 722 10
716 946 44
557 400 25
6 684 16
810 96 3
332 620 28
306 854 21
475 921 8
224 329 2
0 353 37
190 553 49
285 631 22
404 912 23
549 539 16
783 691 16
771 503 47
339 328 4
678 86 22
537 351 46
592 525 18
402 219 28
305 436 14
320 104 17
920 115 32
547 76 7
962 679 8
722 911 27
936 460 3
566 661 28
437 290 49
538 720 42
238 497 49
61 520 44
79 151 41
21 709 18
20 622 29
629 440 27
885 448 4
439 528 24
448 733 32
387 560 5
858 777 28
518 83 32
614 353 14
499 931 20
348 644 18
653 730 26
266 11 12
138 649 36
615 746 21
497 135 27
578 239 15
660 191 43
159 792 10
79 557 2
377 983 31
774 751 38
112 807 36
818 797 31
533 205 5
420 706 44
545 953 1
968 931 36
721 380 23
476 802 35
197 424 1
760 568 41
534 131 10
174 208 34
45 640 18
342 855 43
173 496 44
654 28 4
782 593 20
562 283 10
124 346 1
347 0 44
250 429 4
97 137 49
487 581 30
570 734 28
309 63 30
855 682 14
732 674 0
325 728 24
883 945 16
449 136 0
287 437 17
723 113 19
962 5 36
787 494 5
109 783 9
687 484 41
413 702 35
899 247 43
873 908 13
662 802 45
481 726 15
555 277 17
744 917 4
501 270 15
427 337 9
985 403 32
248 589 17
279 996 30
791 816 21
121 11 32
572 80 17
426 93 2
610 70 37
144 607 40
456 542 48
11 467 33
648 589 0
483 203 46
466 483 3
468 234 13
461 121 29
429 536 23
878 994 2
484 924 27
815 699 2
835 449 46
609 380 3
734 923 23
625 438 18
986 505 25
774 636 20
255 538 33
184 612 8
527 258 43
723 101 24
84 4 25
369 672 11
181 910 41
11 801 47
825 762 5
889 773 47
209 89 17
636 707 28
546 584 14
26 229 32
752 908 2
634 638 0
908 903 16
707 410 35
295 842 9
369 619 37
676 171 16
640 96 7
97 398 35
854 813 21
934 917 46
765 135 4
443 914 43
190 967 39
870 529 6
646 268 48
586 433 39
52 515 39
385 329 21
520 656 47
947 869 26
902 988 21
972 391 16
744 439 15
881 560 34
383 332 27
483 182 7
347 297 9
778 453 37
341 614 41
44 35 39
353 831 30
100 188 9
950 529 1
864 206 42
659 992 47
364 786 2
227 229 17
614 931 15
590 935 11
232 77 28
99 723 5
748 234 17
787 888 28
766 286 22
515 129 21
859 135 16
962 224 17
979 599 36
649 619 27
448 702 42
657 217 27
196 674 36
296 867 29
262 984 29
404 685 21
397 273 48
181 852 20
131 264 12
271 606 28
90 529 17
141 295 17
234 785 19
321 962 6
884 352 1
752 965 18
944 797 46
260 743 12
143 689 23
627 887 42
351 895 43
874 707 33
738 164 13
205 608 34
609 864 11
423 849 12
153 61 27
620 76 40
681 92 41
86 819 26
418 620 7
677 254 37
549 429 40
317 370 29
416 126 48
435 991 43
713 756 38
376 179 22
744 620 26
692 634 6
937 6 5
947 431 5
919 938 10
435 521 16
442 555 5
244 729 47
57 304 42
862 312 7
712 512 20
654 851 10
547 3 22
760 768 1
360 925 48
589 344 31
473 660 4
431 173 8
207 615 34
8 275 28
783 590 31
590 232 47
377 886 12
825 477 14
731 988 33
843 652 31
986 943 45
134 954 42
568 168 36
993 772 1
974 386 12
83 435 15
980 708 28
494 890 32
963 844 8
909 916 41
170 859 21
461 344 25
510 941 28
47 535 41
375 799 23
396 498 19
337 537 26
991 326 33
208 556 14
678 153 29
226 451 43
641 484 6
633 403 2
153 968 1
958 228 30
514 283 37
710 695 47
400 578 32
985 719 27
341 750 47
677 106 18
73 513 16
54 15 41
232 167 20
121 816 48
16 335 30
4 503 24
695 402 48
720 930 13
944 952 1
159 304 20
815 831 16
61 67 43
176 541 2
506 149 37
355 579 5
141 349 3
779 514 36
970 361 6
129 815 48
981 379 31
573 768 20
477 174 8
781 845 6
265 72 0
924 258 25
133 839 41
708 577 18
502 126 13
899 706 42
41 431 2
105 117 1
655 503 13
664 724 13
948 927 20
634 644 10
419 670 12
966 770 16
195 914 35
204 471 33
348 662 30
611 893 27
642 275 47
497 169 13
97 529 32
403 649 14
846 700 4
448 933 11
972 385 23
698 960 14
580 856 8
692 422 48
291 649 12
284 757 26
927 985 12
554 454 46
858 924 44
311 146 44
85 833 43
735 574 17
6 427 22
638 441 36
50 844 48
462 739 31
506 346 42
975 710 16
794 180 42
349 982 15
909 195 0
350 914 4
642 859 5
960 442 24
281 985 13
935 72 26
974 788 46
548 441 5
413 317 34
878 419 36
35 993 11
749 103 32
51 403 30
465 253 39
430 956 11
671 564 5
609 181 32
380 649 10
163 393 41
487 844 6
875 694 4
851 361 27
261 42 28
66 962 48
182 559 44
290 807 31
315 857 0
987 128 19
934 348 20
495 750 1
24 944 13
433 255 41
919 271 8
310 681 47
625 747 27
742 548 16
743 474 11
179 346 17
579 572 0
160 648 7
793 401 12
258 548 4
737 44 26
946 102 2
667 812 4
265 1 27
505 216 3
619 457 25
416 576 29
628 379 44
662 33 25
509 794 37
125 94 0
407 54 46
94 833 27
453 76 43
231 210 5
190 459 6
421 932 41
385 706 33
282 500 34
975 653 24
207 955 8
180 495 3
490 281 32
230 727 13
329 410 47
884 365 3
597 458 13
623 387 27
224 82 44
484 542 32
446 490 25
663 939 14
255 742 32
128 76 7
43 76 34
754 731 23
692 650 4
63 675 43
143 417 26
780 668 14
523 854 9
83 637 8
239 549 35
659 290 30
368 606 38
882 573 6
16 883 13
995 245 2
599 301 32
144 540 21
366 275 21
552 426 22
527 604 2
785 605 24
38 18 44
687 67 31
674 839 46
346 892 21
716 696 26
332 114 38
445 167 44
472 57 39
836 594 0
628 377 28
958 287 47
143 265 47
4 210 46
659 748 5
448 474 0
643 477 33
247 713 11
990 524 18
639 218 39
274 240 14
154 395 13
169 308 17
401 698 0
518 340 12
194 42 35
224 230 27
210 757 36
430 356 18
825 190 15
503 788 44
878 978 36
594 417 18
104 102 46
35 738 12
609 761 6
163 341 49
585 903 43
971 42 21
645 524 31
402 49 12
465 549 23
757 982 9
494 380 29
509 278 28
140 859 38
36 9 10
880 877 1
279 392 15
647 377 22
485 93 30
993 961 19
829 783 24
622 788 2
68 413 24
316 929 11
636 312 22
974 662 2
574 795 42
454 754 45
40 844 2
683 961 9
119 346 34
595 221 35
878 110 9
650 287 17
132 612 20
624 373 43
562 25 2
647 963 43
258 604 30
226 389 17
745 422 9
751 960 43
997 926 26
374 833 8
982 400 20
897 174 20
310 155 41
312 148 34
826 846 47
896 88 16
377 658 12
380 284 45
679 630 15
609 470 27
911 564 40
108 348 17
986 112 49
301 991 11
86 982 46
86 505 47
952 671 49
121 479 28
667 218 26
189 398 26
46 20 7
120 48 17
338 947 3
310 302 2
449 812 35
800 892 1
992 658 40
390 9 49
909 872 3
733 758 21
105 115 30
897 444 38
774 226 7
900 992 38
881 592 11
180 921 27
913 798 30
392 990 22
541 771 10
539 129 16
354 542 2
424 336 13
707 527 39
619 920 33
958 155 35
654 187 14
981 423 14
72 425 10
945 90 21
287 343 38
737 549 11
231 261 20
697 611 48
849 513 18
675 891 41
141 751 49
377 539 35
23 978 45
687 572 29
157 553 23
85 826 25
942 573 14
19 251 29
180 287 15
491 309 14
187 380 17
539 33 7
183 194 2
895 956 22
593 602 34
122 67 11
122 117 0
206 852 11
774 825 48
606 113 36
818 859 28
179 157 38
678 108 44
428 310 30
420 471 16
187 11 13
878 934 4
471 334 16
299 657 19
620 81 35
538 464 37
756 498 5
548 582 27
761 472 42
406 374 11
103 293 4
4 687 19
854 499 25
383 706 23
622 641 10
960 600 20
434 654 30
690 646 43
149 394 32
147 682 25
551 569 44
858 637 29
455 473 44
386 168 49
58 272 47
917 121 42
923 433 40
50 109 5
808 741 31
984 677 33
203 892 24
184 811 29
390 883 45
285 515 33
453 133 28
55 60 16
95 853 0
899 238 22
837 575 13
564 532 45
209 444 7
381 801 19
128 164 23
716 252 14
488 563 18
880 622 34
434 862 24
148 215 8
672 965 13
457 718 28
256 585 20
815 808 14
518 268 23
508 606 14
485 509 7
826 649 30
575 611 14
949 319 38
416 71 27
882 453 41
734 12 0
273 748 8
43 960 10
356 54 2
961 818 21
349 815 2
132 979 45
371 246 28
275 39 45
821 779 29
967 187 33
964 416 31
178 742 46
253 106 46
41 186 0
101 615 8
458 529 41
274 824 2
470 810 43
40 38 31
631 619 19
369 853 26
859 766 3
939 341 11
319 214 16
366 198 29
540 672 35
667 697 33
388 381 47
109 44 11
421 100 17
467 835 37
517 402 17
244 377 42
307 995 14
113 919 35
132 959 5
126 697 8
356 816 6
576 966 47
256 824 17
23 718 23
226 797 15
757 155 33
508 847 20
742 474 28
531 806 33
998 937 31
565 374 35
77 176 5
963 140 38
621 66 37
383 567 28
34 603 42
599 82 44
121 361 35
831 590 40
361 188 1
810 282 33
276 183 14
930 181 35
790 767 20
331 463 4
732 272 23
403 165 21
182 845 6
220 68 47
470 207 22
736 107 49
22 130 22
444 403 13
349 917 44
557 664 33
362 584 26
389 470 12
191 445 20
198 926 3
935 449 12
637 472 26
879 137 36
712 905 17
424 576 44
840 468 6
163 69 18
851 783 24
419 860 5
574 171 32
721 749 47
588 113 40
834 682 1
358 388 4
744 899 1
319 536 11
369 825 26
446 636 4
811 176 41
682 568 17
534 580 34
588 117 5
37 677 17
808 505 38
964 53 11
435 410 18
546 782 10
78 528 26
464 366 12
353 317 33
425 388 20
648 605 6
7 130 22
505 624 9
684 34 11
972 917 43
150 571 45
881 551 17
720 988 49
149 793 25
455 813 32
620 83 29
618 762 49
744 996 46
153 329 9
608 23 7
727 208 24
785 536 19
960 362 47
704 158 21
803 121 27
830 176 46
64 810 41
906 922 26
394 846 15
562 15 27
565 829 13
834 694 48
920 666 38
746 294 23
412 475 13
771 627 39
484 968 15
322 521 32
843 305 27
764 205 15
976 146 21
552 473 5
479 367 24
817 203 29
895 994 46
109 772 26
43 330 35
789 454 47
948 206 6
914 46 23
315 497 2
550 356 19
115 167 16
319 17 32
995 567 40
459 944 19
162 488 14
410 359 49
969 285 27
855 933 14
332 915 35
991 395 28
160 328 47
775 157 10
582 539 31
921 584 46
70 208 32
751 227 29
621 91 28
262 608 34
87 817 3
516 425 10
772 156 9
738 477 46
158 453 33
579 490 49
649 970 44
818 538 21
634 383 40
719 360 6
176 942 1
874 705 36
958 937 46
382 14 14
198 252 18
767 182 24
742 998 16
60 46 32
319 118 48
789 698 34
560 231 2
525 10 31
975 198 40
672 752 34
192 40 10
790 54 46
691 503 31
942 595 6
162 300 30
571 44 32
735 907 49
434 332 1
290 435 5
442 54 24
265 541 14
866 703 2
158 794 40
861 263 5
108 552 29
193 430 11
554 627 20
787 761 33
621 741 1
892 188 39
217 864 23
71 774 23
369 176 31
912 658 17
554 611 34
509 74 28
996 154 27
752 556 40
304 519 49
635 47 0
514 911 48
987 548 10
816 863 18
597 150 21
16 977 23
708 196 26
14 166 33
328 524 42
987 522 16
351 791 32
582 804 39
279 122 21
47 837 12
25 192 22
822 38 45
64 730 28
112 436 16
783 25 26
578 29 36
734 640 2
347 554 22
342 468 2
166 101 47
215 293 26
773 90 6
424 684 39
638 727 20
463 773 43
138 181 39
372 876 9
432 206 23
138 937 2
94 535 48
606 702 9
744 693 38
261 837 41
702 329 26
210 836 7
434 414 21
221 674 7
831 415 22
308 217 47
163 51 9
317 4 47
765 907 24
377 568 9
87 224 5
244 559 31
863 706 10
346 758 37
155 366 32
833 718 24
304 411 48
274 561 15
649 435 46
257 586 40
818 901 24
939 626 35
402 126 12
704 246 31
961 203 4
217 428 33
962 522 42
226 893 13
697 718 33
1 665 25
758 138 17
877 416 31
328 386 38
783 21 7
43 663 28
347 427 31
626 961 10
176 9 11
788 212 12
243 888 7
506 182 32
192 345 34
671 812 18
433 65 7
198 458 46
667 910 12
263 594 12
928 568 17
579 673 30
368 747 6
507 119 20
30 777 26
220 325 38
496 683 30
460 502 2
455 830 8
254 528 40
738 607 48
306 562 23
95 474 0
573 773 14
930 772 27
695 613 48
123 14 1
607 175 30
220 594 36
9 258 38
304 261 31
184 528 11
605 941 27
291 947 16
546 859 4
363 554 44
225 776 7
803 451 49
254 273 38
535 360 33
525 716 39
269 468 29
503 873 5
222 493 9
517 891 32
413 113 32
907 799 9
798 67 8
46 634 48
208 500 30
366 517 38
131 492 5
668 834 46
954 696 27
452 861 4
354 563 37
500 237 30
497 207 42
619 378 23
31 835 37
362 102 41
775 380 28
758 326 32
86 533 35
987 48 35
163 481 28
170 164 46
877 277 14
779 189 8
456 177 30
179 703 31
15 733 12
567 680 39
962 950 42
407 688 46
618 488 27
403 163 45
496 882 37
617 947 31
593 255 0
268 600 24
364 745 44
118 18 0
41 118 42
742 882 20
163 829 36
978 943 7
799 95 20
846 77 14
771 984 43
787 324 11
151 852 36
473 785 40
30 836 23
948 534 22
901 89 44
954 953 3
419 765 8
50 85 0
839 103 2
902 225 33
317 781 4
881 692 8
961 984 43
522 83 28
33 181 15
7 734 49
550 145 39
858 96 32
275 434 37
399 590 36
940 346 39
147 645 36
40 85 2
510 437 40
887 775 22
897 778 21
29 32 11
881 583 32
84 890 35
281 883 5
141 679 10
307 789 7
511 309 3
824 882 40
806 579 10
250 83 16
29 707 49
185 265 45
715 168 39
458 155 27
682 87 34
993 164 43
627 63 7
536 119 5
642 458 34
389 412 15
895 468 34
552 122 25
443 728 34
817 101 20
31 56 9
958 487 24
600 915 45
514 912 10
997 30 42
655 943 20
398 150 21
277 224 19
615 986 21
87 702 42
874 771 42
245 383 23
80 492 43
660 557 30
776 76 35
999 897 39
958 88 10
185 728 11
477 684 43
64 247 24
237 969 49
307 136 27
549 197 32
812 597 15
305 32 45
71 617 25
764 171 13
745 332 8
527 176 42
65 565 41
24 958 17
681 295 26
931 572 29
117 814 49
476 451 0
2 481 19
994 959 16
928 143 17
902 916 0
480 812 48
785 826 16
311 483 44
153 10 8
553 818 37
220 936 8
725 875 32
858 17 35
383 327 25
54 924 13
313 499 30
46 411 20
576 844 48
62 560 43
453 684 45
721 642 36
433 341 42
135 399 19
767 354 42
887 361 7
693 298 12
479 236 11
2 103 19
102 619 30
801 16 12
864 431 2
309 133 20
153 850 30
346 449 33
344 902 9
626 998 32
806 112 25
221 807 11
276 288 4
943 103 39
352 528 39
997 204 16
240 331 14
847 480 45
988 725 32
927 571 31
632 574 45
537 916 31
47 352 9
609 295 25
0 942 22
295 318 20
853 478 37
429 219 37
839 373 4
263 945 49
202 639 20
817 583 34
415 981 20
500 366 41
156 998 31
898 544 32
157 905 36
45 409 6
615 263 34
691 544 25
855 43 23
564 196 32
726 291 1
570 704 29
767 854 30
655 345 25
719 333 5
2 60 29
644 540 42
266 859 37
640 606 33
841 543 3
705 68 8
80 709 42
258 457 16
363 107 16
673 799 40
641 696 45
946 567 30
846 210 20
751 422 9
14 474 6
134 595 32
184 837 31
327 13 47
595 736 24
899 774 36
59 529 19
701 932 35
76 890 2
484 445 17
198 215 47
975 768 9
559 124 42
967 552 45
123 297 1
352 626 46
855 720 15
927 675 46
833 283 17
941 684 9
506 536 29
298 360 6
411 198 23
210 578 36
219 743 41
75 826 35
390 350 8
580 390 39
599 424 23
888 18 27
79 597 16
40 314 11
458 701 49
692 197 14
593 332 15
186 929 40
698 264 30
597 131 20
513 303 48
527 686 47
355 180 0
430 456 39
389 97 39
866 170 30
256 84 3
709 382 26
56 723 12
177 961 47
432 769 46
261 128 44
527 817 40
632 316 1
517 95 17
636 976 20
182 620 16
347 223 31
21 392 34
373 208 47
730 952 10
588 71 11
926 764 4
719 910 41
394 557 18
687 302 37
522 677 48
539 481 33
614 909 32
930 711 15
288 189 0
592 726 44
754 269 42
496 826 21
565 898 48
270 435 35
658 346 1
363 715 10
957 228 23
707 638 23
321 81 18
627 964 2
5 837 8
20 291 40
25 621 29
62 190 46
529 744 37
157 362 46
424 408 40
472 286 26
862 784 41
676 920 14
898 821 2
748 228 14
400 654 23
188 518 20
292 261 41
593 124 5
133 581 4
690 726 4
178 284 19
394 224 15
48 544 16
99 389 43
729 827 18
811 715 4
405 369 44
194 362 42
621 639 48
666 342 13
322 875 36
605 187 21
778 32 20
738 454 10
419 568 49
840 824 44
78 546 31
849 243 6
436 859 16
80 92 24
404 742 40
355 689 4
193 307 13
313 73 16
11 34 36
218 660 44
567 317 35
730 707 40
760 337 15
776 111 41
231 703 49
771 527 32
613 664 20
183 330 20
621 18 26
777 857 21
910 922 34
966 487 43
167 672 49
328 274 22
417 592 26
232 305 22
632 693 41
756 213 39
994 622 14
274 370 40
301 243 22
107 5 27
788 959 24
384 693 31
963 733 0
864 859 7
918 676 19
944 411 9
390 284 44
944 643 35
939 32 25
916 825 20
986 443 9
448 759 46
368 909 17
339 528 20
388 726 29
308 409 18
728 279 47
536 899 3
361 285 45
153 589 23
154 743 20
695 3 33
356 789 33
587 460 48
545 296 22
775 173 46
427 183 41
791 633 34
81 917 21
962 418 39
571 605 25
648 38 38
144 9 30
13 668 38
606 387 3
61 766 30
626 332 22
405 335 4
315 659 6
712 316 19
331 907 19
959 364 22
517 480 22
15 618 34
200 487 10
535 407 12
714 923 25
438 874 43
725 916 2
929 194 42
500 807 18
650 575 0
158 107 29
650 400 2
847 684 18
593 519 2
526 704 44
335 526 34
778 803 14
986 827 0
426 960 9
489 662 2
878 678 21
957 585 8
954 51 45
10 321 6
618 568 43
55 12 26
587 681 0
769 962 5
8 523 40
108 861 34
10 550 9
857 723 34
894 819 17
784 744 8
395 941 6
648 631 38
281 929 3
217 280 49
538 839 33
456 224 36
427 480 11
563 134 45
388 576 16
72 833 0
267 915 26
82 117 49
917 721 1
188 173 42
693 939 15
179 255 32
346 405 49
463 237 45
685 796 2
882 720 48
960 975 41
143 869 28
471 256 0
604 297 6
530 978 44
312 222 7
585 249 6
965 982 20
358 967 48
814 148 42
870 323 22
641 752 38
456 433 36
878 361 41
259 847 48
238 250 9
724 43 13
773 703 11
85 336 24
872 511 12
991 15 38
31 377 4
608 392 40
459 520 30
773 608 26
312 409 48
73 106 24
276 786 15
211 929 11
774 490 45
444 249 1
311 605 2
30 467 20
668 871 39
181 559 0
689 622 5
169 265 3
159 241 39
978 582 37
622 805 12
394 894 45
75 788 27
587 654 42
717 92 11
589 178 31
471 307 12
652 851 11
750 38 41
186 781 29
440 278 42
518 406 44
298 558 15
566 247 28
302 828 27
997 243 48
733 47 30
190 389 45
846 64 9
694 59 12
149 99 39
821 295 44
443 428 7
805 265 32
428 764 10
473 584 4
116 84 19
399 640 32
57 182 34
838 907 40
284 41 44
335 859 23
345 995 9
727 582 37
333 578 29
587 933 37
413 665 30
218 893 33
402 922 48
321 575 20
112 865 2
354 98 29
644 252 20
510 107 47
6 612 24
524 846 32
447 12 40
678 211 49
292 446 40
994 708 43
544 739 5
999 595 35
133 849 31
419 294 8
860 228 9
275 581 46
47 647 44
875 816 30
94 794 12
841 818 13
142 867 12
878 242 2
923 198 32
756 783 41
759 168 45
576 841 13
792 13 30
545 165 46
733 247 37
87 887 40
57 791 24
948 718 25
6 963 19
110 333 38
227 953 39
578 910 19
918 856 32
674 535 6
290 627 34
208 862 27
146 70 7
152 974 31
235 129 46
441 482 41
262 706 2
220 687 12
746 437 20
211 835 1
598 869 28
67 258 35
709 793 43
42 205 11
23 850 25
304 930 29
102 945 13
314 121 31
21 315 35
418 107 44
323 126 42
32 739 21
934 155 28
659 462 19
168 892 8
784 748 32
613 652 45
290 814 38
266 908 23
95 760 21
303 306 37
209 534 30
742 745 46
362 952 36
881 277 32
910 871 39
831 901 5
476 223 15
382 386 4
693 5 29
874 332 17
227 561 10
245 377 34
491 930 36
356 776 44
827 166 22
952 687 13
996 177 11
465 386 10
816 66 13
820 837 19
444 251 30
38 86 36
407 848 26
351 454 11
113 836 46
872 838 35
44 249 43
268 452 30
446 462 36
34 37 12
365 784 31
712 498 13
656 236 39
945 85 33
804 8 7
528 522 23
708 87 16
242 713 29
792 363 6
8 48 40
55 115 44
796 44 47
28 404 41
99 866 18
276 732 5
788 758 38
761 227 31
751 230 32
837 378 4
815 282 34
724 29 32
231 786 41
403 29 8
599 715 28
929 7 24
879 761 10
488 936 7
785 604 9
852 34 0
283 133 10
786 397 23
474 591 38
330 201 31
800 576 7
686 864 47
951 335 3
976 430 6
203 781 25
239 874 36
948 78 32
826 516 23
73 839 47
890 119 10
941 919 1
804 254 39
292 751 21
436 128 44
423 468 28
707 709 1
755 953 46
130 904 15
214 160 33
76 868 4
514 823 1
887 81 26
7 93 27
411 503 38
773 964 45
473 959 46
30 549 13
684 359 19
136 58 33
955 852 48
481 468 19
740 734 6
457 235 15
930 1 33
635 508 49
920 704 26
451 674 18
340 970 22
152 671 7
4 895 21
435 401 7
915 82 0
718 415 2
548 213 26
582 427 16
837 217 3
14 789 19
872 27 6
591 748 13
213 908 26
709 274 12
910 459 7
868 981 38
800 757 31
758 13 9
180 350 48
666 477 43
252 557 43
533 530 32
638 397 46
156 393 6
832 176 16
823 586 2
546 428 32
432 201 30
343 816 7
409 561 5
275 949 9
529 585 10
37 366 15
199 241 14
286 922 46
709 459 14
992 103 2
957 636 11
720 382 37
407 722 1
52 107 29
529 749 5
901 740 42
813 351 11
622 399 27
450 678 13
578 95 17
633 482 29
67 846 13
4 58 12
387 92 18
862 875 23
956 327 41
438 108 44
439 442 13
3 493 30
571 52 41
790 567 29
643 162 2
258 936 36
155 750 8
391 214 1
379 804 38
450 529 44
242 969 23
655 507 4
211 733 46
751 553 12
883 895 2
65 792 40
784 469 39
916 274 1
171 483 32
571 945 22
390 664 29
199 864 37
951 438 1
408 447 17
907 201 37
60 877 28
523 492 6
358 757 41
73 697 16
515 943 31
232 558 40
215 459 13
254 646 3
749 882 13
588 276 16
552 506 0
892 566 38
244 566 41
877 290 28
633 241 34
430 327 17
926 295 4
689 841 44
830 793 1
273 348 15
982 887 40
859 390 49
860 749 25
72 22 28
553 248 37
185 169 10
688 336 28
393 545 5
492 878 11
215 574 24
637 708 35
432 623 24
827 641 38
192 271 44
321 196 49
770 570 9
419 350 34
11 743 2
87 379 11
651 421 36
783 663 38
107 895 30
717 658 33
647 250 8
494 189 30
92 908 3
359 636 12
859 820 3
746 387 40
84 462 37
498 892 31
795 78 19
313 5 22
678 841 42
585 812 26
965 697 33
648 476 18
768 336 38
673 903 48
92 481 17
898 395 16
214 659 7
488 7 34
349 215 28
580 805 45
868 719 9
393 134 43
325 407 17
634 156 41
126 718 24
184 752 26
71 403 49
938 362 48
570 1 11
899 175 26
488 746 17
764 980 27
294 205 8
936 424 38
911 966 47
511 778 10
774 661 29
414 734 40
110 234 33
498 924 16
766 929 19
994 610 43
855 143 23
232 157 24
683 91 21
511 223 6
160 616 48
933 447 18
475 23 33
682 542 41
421 743 15
239 262 4
177 679 11
272 739 28
67 24 49
930 267 32
258 437 23
45 239 13
518 908 44
746 610 4
986 107 24
189 982 36
570 309 44
27 724 31
830 157 14
757 402 28
317 720 27
883 164 22
554 549 35
706 29 12
538 925 1
686 180 4
955 460 41
831 58 17
855 664 3
480 360 40
894 775 14
307 483 14
159 67 26
870 618 47
927 631 46
712 555 9
271 664 10
555 419 30
666 6 29
132 645 30
980 410 37
854 631 40
459 680 42
754 130 11
346 684 26
250 328 8
177 894 20
833 998 39
509 631 26
788 921 36
494 4 2
563 650 48
971 912 49
64 100 11
959 315 20
382 250 40
607 703 22
250 132 26
114 166 16
189 992 46
31 983 46
64 362 12
561 705 1
583 622 38
550 84 31
734 346 19
371 788 35
246 591 24
993 367 49
168 687 13
83 259 18
888 405 7
181 115 38
883 714 0
470 969 25
697 332 31
134 434 15
851 846 30
112 455 28
805 236 2
89 288 31
965 541 49
670 185 0
985 202 43
417 766 23
117 323 49
997 176 8
426 342 48
813 255 38
439 113 40
496 239 33
252 285 4
895 773 1
137 939 28
37 121 42
83 800 37
486 900 36
111 90 0
256 800 30
109 41 24
580 93 30
725 265 19
957 527 13
125 709 40
391 426 20
984 867 4
921 881 38
519 940 22
19 296 30
12 194 35
240 743 12
986 785 32
773 935 3
150 760 20
727 380 24
352 655 33
513 371 30
202 312 41
747 651 6
567 521 37
451 478 12
805 78 46
671 854 21
147 808 3
625 226 4
107 138 32
249 784 13
552 56 30
390 602 26
649 440 47
429 347 8
796 266 46
223 313 7
883 26 44
599 154 46
90 26 8
777 264 12
934 394 33
580 815 5
383 802 44
280 51 20
902 12 48
353 181 13
471 716 22
889 45 40
856 689 38
849 598 47
640 795 10
904 470 44
288 796 26
137 5 25
61 241 29
450 675 6
635 80 34
55 372 28
83 642 40
74 605 8
477 63 29
886 877 26
982 278 48
439 759 33
123 908 8
563 36 23
76 26 28
443 523 19
441 129 21
234 179 20
943 934 42
620 325 29
692 336 13
664 308 29
206 543 22
470 278 32
992 277 6
305 810 24
933 518 6
406 105 24
466 177 36
755 374 31
128 558 45
808 256 10
694 535 32
369 797 15
755 281 24
441 350 7
369 490 40
279 368 44
3 154 3
260 630 2
912 435 37
355 801 11
212 875 36
336 786 5
278 839 26
633 252 27
996 95 8
919 852 13
464 399 22
717 483 35
6 433 23
551 928 49
227 85 13
780 7 19
975 826 42
541 430 45
659 620 8
851 837 16
571 246 4
4 707 41
541 703 40
181 509 1
888 111 32
729 568 23
693 584 25
688 676 35
281 943 49
296 1 5
552 361 42
376 242 30
595 968 18
191 734 46
75 910 40
729 20 39
235 743 5
34 572 36
185 376 37
992 890 0
76 180 29
508 92 26
63 587 8
425 577 13
60 562 37
627 513 40
354 704 47
40 788 10
324 750 44
486 946 19
357 430 18
658 365 29
258 804 12
64 179 25
304 675 23
201 358 49
346 687 3
869 615 10
224 873 29
416 139 11
144 17 16
672 56 17
201 307 45
132 582 4
586 149 44
694 159 33
759 205 2
498 585 34
268 436 45
492 896 28
199 263 25
965 694 38
73 546 4
815 453 31
917 861 32
660 834 24
344 785 37
690 545 29
599 713 35
961 597 48
843 699 44
866 806 20
343 510 40
8 148 20
748 679 12
220 95 30
450 428 2
883 885 21
13 885 37
