20
190
18 8 76.0
14 13 38.0
14 5 97.0
12 10 74.0
15 16 38.0
7 13 55.0
5 11 20.0
7 11 10.0
1 4 83.0
10 2 28.0
12 15 23.0
9 6 26.0
4 12 89.0
10 11 40.0
16 7 25.0
18 10 94.0
9 11 73.0
8 14 24.0
7 16 13.0
11 15 42.0
18 6 48.0
12 2 85.0
12 11 80.0
2 18 90.0
7 0 89.0
1 6 88.0
7 12 78.0
1 10 25.0
11 16 28.0
11 3 72.0
19 10 36.0
14 7 89.0
2 14 43.0
15 19 78.0
5 17 6.0
8 2 50.0
15 8 10.0
13 2 1.0
11 0 79.0
15 0 89.0
10 6 50.0
2 1 29.0
17 11 50.0
11 2 43.0
11 1 31.0
7 19 6.0
7 15 49.0
13 19 19.0
1 19 66.0
18 15 79.0
16 12 89.0
16 14 36.0
19 6 14.0
18 12 24.0
3 8 20.0
16 3 4.0
10 15 43.0
14 11 78.0
12 17 15.0
14 18 75.0
12 4 33.0
19 18 34.0
12 1 40.0
15 14 4.0
4 11 47.0
6 2 57.0
17 2 61.0
18 19 59.0
17 8 27.0
10 19 51.0
15 10 64.0
12 7 75.0
12 9 7.0
6 14 90.0
17 10 66.0
10 8 83.0
15 11 23.0
13 15 62.0
5 6 63.0
3 15 68.0
2 15 30.0
5 18 91.0
13 3 19.0
6 19 93.0
2 11 28.0
3 7 95.0
13 17 31.0
4 5 32.0
3 10 97.0
9 14 79.0
11 18 64.0
12 19 49.0
16 0 66.0
15 6 24.0
0 10 1.0
9 3 73.0
7 6 49.0
18 17 47.0
8 10 76.0
17 4 93.0
11 12 7.0
14 19 59.0
13 14 30.0
5 1 73.0
9 0 3.0
3 19 19.0
18 1 32.0
8 3 20.0
0 7 7.0
8 9 4.0
16 15 3.0
18 11 30.0
7 5 55.0
11 6 36.0
3 12 4.0
2 4 14.0
16 2 90.0
9 16 5.0
17 9 65.0
10 12 9.0
5 9 19.0
12 16 53.0
8 13 44.0
10 7 39.0
12 3 81.0
4 9 47.0
14 15 81.0
17 14 89.0
1 0 44.0
2 19 4.0
9 18 48.0
14 6 45.0
17 5 48.0
7 2 68.0
4 1 37.0
17 15 3.0
7 17 18.0
1 11 80.0
4 13 24.0
2 3 12.0
11 19 5.0
13 1 65.0
7 3 97.0
5 19 37.0
1 17 42.0
9 2 90.0
14 12 84.0
11 14 41.0
6 10 32.0
3 17 74.0
10 1 59.0
4 16 52.0
16 9 34.0
12 8 97.0
19 1 16.0
5 3 37.0
10 13 73.0
10 16 27.0
14 3 66.0
6 5 36.0
5 14 45.0
13 9 80.0
9 13 9.0
18 9 9.0
0 2 48.0
3 0 15.0
9 5 62.0
0 12 48.0
7 14 10.0
11 9 44.0
9 15 54.0
4 15 58.0
12 0 3.0
3 6 92.0
0 18 18.0
18 13 24.0
10 18 17.0
5 10 77.0
9 12 95.0
0 15 4.0
2 17 50.0
4 3 71.0
16 19 64.0
19 12 53.0
6 0 46.0
2 10 76.0
9 7 68.0
4 6 4.0
8 1 13.0
2 13 83.0
