20
95
14 4 16.0
13 0 89.0
13 14 78.0
5 15 85.0
3 6 42.0
6 19 66.0
1 13 22.0
5 19 50.0
7 3 28.0
4 5 47.0
6 18 99.0
16 17 44.0
0 1 42.0
0 5 90.0
5 12 70.0
8 0 59.0
16 7 9.0
12 10 25.0
9 1 21.0
0 16 53.0
6 13 92.0
2 12 26.0
18 11 18.0
10 8 15.0
0 17 13.0
15 8 63.0
3 12 79.0
5 1 64.0
5 10 81.0
1 11 98.0
14 9 96.0
17 13 89.0
7 2 31.0
12 17 23.0
5 14 25.0
15 12 25.0
9 15 28.0
16 3 1.0
10 19 66.0
4 3 44.0
8 13 32.0
8 7 23.0
4 18 21.0
7 9 7.0
13 18 30.0
10 4 52.0
17 14 82.0
4 12 79.0
14 1 73.0
14 12 59.0
9 2 27.0
7 6 28.0
19 14 67.0
19 12 45.0
5 8 15.0
4 0 48.0
2 4 31.0
14 15 70.0
8 17 6.0
5 17 28.0
19 1 11.0
14 0 43.0
1 12 58.0
10 16 67.0
7 14 5.0
9 5 4.0
1 6 59.0
3 5 67.0
13 12 34.0
15 19 13.0
18 7 54.0
12 18 25.0
19 3 53.0
3 13 87.0
5 18 24.0
15 17 42.0
7 0 95.0
11 4 32.0
3 2 43.0
9 13 99.0
5 13 95.0
3 14 99.0
9 4 87.0
7 1 66.0
3 15 41.0
1 10 52.0
2 11 98.0
12 6 43.0
7 11 28.0
13 19 56.0
13 15 74.0
19 11 2.0
8 18 44.0
0 15 77.0
10 17 99.0
