1000
7230
884 143 43.6
97 737 14.82
357 862 8.2
125 751 43.66
769 96 23.04
866 469 6.07
259 964 2.72
740 75 16.08
913 495 35.84
489 814 7.24
226 833 19.67
482 170 15.39
657 6 24.74
450 86 33.42
56 136 18.53
149 677 49.93
342 975 5.63
322 625 43.33
833 443 45.8
145 688 14.48
36 102 42.37
30 641 3.86
442 492 0.87
963 437 3.67
136 116 41.91
241 440 41.53
494 734 12.72
479 86 29.79
558 260 29.15
177 360 43.89
331 139 43.48
554 703 13.93
363 641 23.75
857 581 35.76
149 990 47.11
783 673 31.91
891 476 3.31
15 777 18.23
665 721 23.94
253 7 8.8
411 658 0.2
943 197 20.52
858 95 24.52
550 307 18.78
439 779 41.34
309 678 27.38
14 435 18.48
112 856 8.94
836 276 3.25
462 325 7.23
145 838 6.86
128 353 28.68
311 181 16.76
599 268 28.84
712 884 18.54
633 536 8.64
147 690 18.63
27 183 16.58
494 431 44.28
856 847 45.51
133 69 9.41
784 119 7.0
762 321 24.06
577 513 11.74
810 288 39.84
658 712 32.08
6 84 16.16
426 537 21.57
62 583 10.22
461 147 16.56
863 541 38.59
703 96 47.38
14 987 29.94
262 748 39.79
779 172 36.5
547 730 42.67
287 672 46.53
1 396 24.69
93 404 41.08
92 218 40.76
484 639 16.57
955 846 29.04
698 608 48.47
239 944 10.6
130 835 2.84
89 830 26.76
63 659 9.47
351 593 13.62
454 206 44.83
382 116 29.44
535 342 33.25
729 22 18.05
892 308 12.19
944 468 10.73
312 205 21.06
881 882 39.74
409 719 13.24
299 977 8.91
919 377 8.12
741 927 40.83
698 584 42.94
355 716 45.17
478 142 4.58
601 705 30.25
626 635 17.67
805 280 7.93
620 774 38.84
920 769 22.54
78 850 6.08
101 72 15.88
580 75 19.07
681 657 23.85
67 160 28.33
121 783 34.83
947 185 41.24
350 454 26.61
454 583 8.11
891 998 36.21
198 736 34.48
557 168 6.88
146 394 24.68
378 496 47.28
105 660 47.11
378 971 30.67
460 874 24.32
169 624 5.92
712 976 39.08
898 257 38.33
241 187 13.43
421 688 44.92
472 997 9.31
257 836 38.37
582 928 17.7
602 731 43.79
430 727 48.53
316 655 4.68
918 602 4.54
917 764 48.04
390 240 21.15
550 701 33.58
758 108 28.27
794 811 18.75
780 570 41.82
38 240 29.66
420 952 20.17
887 86 37.52
917 351 25.09
118 298 1.88
354 970 7.93
214 637 4.69
502 28 48.92
140 470 13.83
990 811 11.66
134 387 30.77
747 121 35.54
108 487 44.59
973 919 25.86
402 378 33.95
32 769 15.16
571 271 29.17
642 303 9.6
447 414 18.9
442 935 1.14
469 288 10.01
2 310 19.38
801 233 24.35
998 646 17.38
847 197 43.37
803 350 31.77
349 277 39.97
776 199 31.08
580 16 17.19
527 827 15.36
112 541 4.91
316 62 6.91
835 229 49.21
780 759 24.19
973 211 13.43
799 565 10.81
998 109 46.99
967 67 47.09
970 410 15.21
286 350 4.2
156 91 23.61
683 819 10.13
890 748 10.59
661 860 32.0
671 641 25.56
622 225 41.69
91 891 3.35
584 881 20.27
485 883 41.76
507 288 22.17
601 67 36.33
453 776 11.7
970 706 25.2
759 698 3.05
857 902 47.55
71 667 29.91
602 89 21.01
568 426 42.21
686 341 46.91
802 254 25.77
195 906 7.59
200 657 15.21
301 453 26.41
733 753 21.62
865 584 19.63
398 924 24.53
316 207 28.85
610 33 31.65
783 526 34.43
36 555 41.32
142 573 12.8
799 207 49.35
12 670 15.58
856 898 26.84
487 339 14.06
656 141 5.27
746 578 20.4
71 771 43.04
317 890 16.29
281 495 10.93
639 821 40.02
484 657 24.37
740 510 5.97
520 903 17.27
519 538 3.63
173 5 45.52
217 665 49.39
392 351 28.31
231 99 40.8
829 236 31.91
527 876 41.92
430 938 23.53
691 2 8.36
106 126 22.82
660 556 42.24
446 187 4.57
279 570 0.75
775 119 8.91
195 969 16.61
733 979 44.85
321 454 25.2
274 337 28.91
970 63 31.07
824 646 32.62
484 167 35.95
270 967 22.53
733 865 41.65
99 29 11.01
13 657 33.59
889 859 49.07
624 112 45.21
883 948 30.73
929 135 48.82
982 175 43.81
72 944 16.34
115 933 43.93
173 273 41.76
571 999 46.93
594 26 17.76
921 18 29.77
987 500 11.07
947 260 1.7
505 641 34.54
745 46 5.29
602 281 19.01
388 369 31.91
251 113 44.9
344 627 37.24
14 731 1.62
626 609 20.21
11 682 2.61
281 964 33.22
699 740 45.39
904 270 22.24
375 456 18.84
578 692 3.02
309 175 24.31
173 59 13.5
995 61 43.58
575 300 43.35
689 303 3.81
371 921 28.44
683 149 9.35
245 455 11.93
573 334 30.55
473 245 14.04
692 808 12.39
951 625 19.11
115 63 39.42
354 383 32.3
91 322 19.01
27 123 28.0
921 563 21.83
810 75 8.73
819 677 47.31
733 944 16.26
835 502 11.52
311 43 36.46
794 492 37.0
794 618 15.53
805 554 7.13
524 570 8.03
4 961 32.43
989 851 6.68
909 137 12.7
727 17 9.37
677 999 16.61
773 904 11.86
790 710 40.2
900 989 23.13
513 952 46.36
372 521 36.45
190 852 30.49
974 6 0.85
535 239 1.31
679 377 26.98
528 892 11.7
684 864 26.09
601 518 21.96
396 260 23.14
321 739 26.34
185 6 3.1
332 512 24.47
142 818 44.82
646 705 21.29
897 672 18.03
310 559 42.34
114 952 17.42
139 409 6.94
154 51 32.29
330 310 7.79
133 415 1.34
485 503 4.52
160 113 30.25
844 703 47.87
170 241 3.86
440 684 13.01
550 539 5.57
130 813 33.21
399 810 14.35
96 947 39.66
123 269 33.5
232 586 29.36
953 316 16.02
611 991 0.43
378 690 38.63
955 825 13.62
794 890 40.12
684 329 9.42
663 603 30.08
238 75 32.43
721 901 40.82
505 141 38.7
352 699 38.81
239 29 37.08
713 976 31.72
69 981 42.47
825 836 4.08
937 488 47.91
295 607 37.13
485 523 1.92
518 810 18.62
754 927 9.72
784 250 24.14
237 571 9.96
283 254 4.59
598 227 13.49
664 974 43.63
939 262 26.98
14 596 4.88
353 385 22.29
499 764 21.15
515 183 1.83
155 893 36.9
632 882 1.38
617 608 14.29
30 396 18.27
287 984 15.31
558 361 8.92
873 116 8.06
619 563 36.71
556 95 17.21
350 476 12.99
72 726 45.76
16 374 48.44
449 569 17.87
509 269 21.41
563 232 29.75
1 351 2.39
501 79 34.98
381 332 22.66
239 636 45.3
626 919 49.62
187 590 35.03
748 300 32.51
190 421 45.14
16 938 10.17
256 126 43.21
141 913 26.68
47 86 6.57
670 474 31.73
392 420 8.93
351 723 49.93
750 569 5.47
547 186 37.43
744 536 27.19
724 439 4.78
399 584 13.2
450 772 22.03
516 935 28.47
490 558 35.86
406 822 35.76
928 467 18.92
90 713 12.35
812 339 38.07
16 302 26.34
105 864 22.19
805 234 12.59
161 24 29.4
51 281 15.41
226 783 11.03
825 973 43.77
67 408 41.77
241 955 14.65
575 187 35.99
156 283 42.29
552 709 45.7
784 886 13.78
388 597 39.07
162 352 26.86
356 506 37.08
524 149 1.63
103 368 42.44
207 573 16.19
483 874 26.92
233 905 5.53
100 894 2.53
336 701 4.13
322 934 37.38
565 342 5.32
591 251 39.43
394 523 4.78
670 434 19.88
500 550 40.99
85 560 13.34
848 730 43.09
99 991 23.67
633 580 45.44
674 481 32.9
768 739 28.24
173 601 5.56
122 25 46.24
643 399 42.22
478 513 10.35
946 346 34.28
284 953 42.84
636 245 46.5
22 167 32.96
260 612 5.23
250 54 28.24
58 286 47.93
141 119 6.72
442 514 43.83
673 66 36.44
769 579 26.79
503 60 41.66
512 182 38.5
13 248 9.75
349 793 14.58
337 241 38.61
17 36 6.41
860 291 42.38
268 832 18.89
216 727 2.14
635 332 7.94
994 493 19.12
954 645 21.97
680 697 0.42
802 354 38.08
650 320 30.76
859 744 37.7
908 898 9.66
522 769 35.65
171 983 10.04
340 477 23.88
251 708 43.16
753 211 13.61
535 509 44.61
857 574 9.59
104 834 27.99
426 698 26.41
388 228 36.07
199 541 9.45
920 350 4.12
522 328 2.44
118 926 36.28
946 902 9.62
40 395 34.03
261 242 32.73
770 942 5.17
687 362 22.43
963 523 22.75
761 560 18.94
644 318 46.26
986 292 19.24
7 144 11.15
33 69 46.6
944 18 39.01
424 687 13.63
399 878 17.64
233 788 11.91
60 123 49.33
365 237 29.52
617 367 16.03
608 616 42.93
811 740 12.23
654 689 1.19
993 909 49.61
376 178 18.36
667 760 43.11
368 413 14.89
51 987 44.3
279 638 49.91
695 608 46.54
462 107 13.99
612 219 45.97
1 533 6.48
932 24 4.02
453 343 2.37
225 231 19.67
843 67 20.96
999 522 34.72
794 106 42.98
141 267 10.9
688 354 32.99
20 640 35.54
721 207 11.31
830 441 31.74
574 548 33.54
527 926 19.52
951 849 25.61
215 930 46.93
209 116 39.6
134 925 33.98
936 449 38.69
646 251 47.53
502 221 39.7
364 143 2.41
417 12 38.15
271 125 12.63
753 320 13.85
631 833 46.5
270 547 14.81
430 402 21.46
94 648 43.35
82 547 7.25
212 256 21.14
433 190 41.36
474 337 39.15
762 177 46.63
480 278 4.62
834 162 29.15
777 236 29.33
84 860 23.79
757 168 12.74
639 986 46.18
201 267 9.09
260 241 2.08
984 680 29.49
29 895 49.72
229 82 19.2
391 480 6.1
270 152 15.19
616 453 35.88
114 835 30.98
961 844 9.97
139 276 34.46
124 837 21.8
957 680 28.87
926 97 0.9
612 157 19.17
262 51 17.2
521 868 43.72
788 808 24.48
653 511 26.09
394 664 48.14
132 217 2.84
62 340 30.67
251 403 11.26
589 976 8.06
426 891 24.84
553 48 1.81
547 644 5.7
84 324 23.85
184 794 0.37
130 605 6.77
504 116 39.39
899 184 37.09
786 467 11.87
877 424 37.56
15 551 23.26
949 549 13.29
988 62 8.26
207 313 47.38
941 455 11.2
681 542 4.13
795 600 12.89
516 683 21.54
79 101 26.6
442 446 0.58
596 778 5.48
496 57 25.3
976 781 0.58
765 920 26.96
570 831 31.47
977 750 34.86
189 969 31.36
807 13 38.74
196 721 4.54
874 316 20.69
299 132 37.06
595 920 49.16
84 203 30.69
433 54 14.46
215 88 36.22
518 20 22.5
439 935 44.58
681 381 3.64
628 744 3.32
342 499 34.06
155 113 11.57
511 253 10.07
439 125 8.79
710 640 9.67
355 929 11.25
968 272 21.67
949 411 15.6
267 470 19.83
517 732 30.68
144 360 8.46
291 61 16.96
273 926 16.22
331 195 8.35
459 528 17.09
948 564 12.25
797 51 10.76
100 72 32.01
703 259 0.12
381 387 30.74
779 840 9.94
627 743 6.24
855 147 49.2
59 868 25.15
505 255 29.57
62 162 18.16
729 858 13.35
275 403 19.63
321 91 27.74
719 667 41.95
200 283 46.49
464 201 9.25
322 502 5.99
549 621 35.68
945 753 40.65
216 490 20.51
687 163 41.64
651 195 46.09
353 157 13.58
710 151 5.05
781 292 26.3
615 942 49.79
276 467 32.59
47 715 0.99
400 148 48.3
499 641 21.56
654 558 18.14
216 768 9.11
197 941 19.2
110 872 33.25
501 614 34.01
870 938 43.33
985 185 7.23
619 452 48.9
269 176 32.68
60 139 27.59
672 911 44.57
449 165 37.59
704 140 23.8
557 592 2.69
360 429 43.54
551 24 6.15
213 969 37.73
135 943 16.82
391 96 20.42
939 643 29.84
945 485 12.62
289 652 4.08
372 58 39.69
506 570 40.56
375 944 32.43
311 640 18.52
689 7 7.33
968 709 4.46
308 775 19.36
144 504 0.11
572 423 26.04
210 881 47.34
782 28 22.75
870 461 11.22
113 6 7.63
772 272 18.04
735 296 8.84
543 529 31.54
404 863 8.23
82 675 8.67
717 952 23.5
6 288 36.6
523 411 14.7
410 214 13.26
669 580 12.57
537 644 47.5
456 470 23.07
367 723 18.67
722 768 46.76
796 734 2.13
594 890 12.35
7 652 34.3
58 670 10.72
379 331 10.55
29 81 29.45
968 881 28.45
347 515 19.73
668 30 13.62
566 398 9.81
322 962 9.48
544 995 25.31
53 107 1.15
262 68 27.09
203 550 12.94
207 300 30.64
324 11 13.73
259 8 28.12
393 133 39.11
797 992 15.72
261 160 46.25
745 285 12.46
527 763 20.57
133 314 41.32
470 518 32.32
11 278 29.92
427 106 47.33
5 630 25.93
762 461 28.42
232 108 11.95
904 285 23.28
873 668 45.63
750 274 19.93
834 491 43.31
884 406 13.29
405 313 19.87
158 206 14.89
727 925 43.06
506 127 3.19
958 485 7.98
648 523 3.79
643 301 36.18
928 436 7.09
377 484 4.41
135 253 26.23
83 716 9.9
793 494 19.22
809 865 32.74
376 502 47.79
67 62 11.05
603 552 19.72
332 773 1.16
823 73 12.84
664 213 3.53
369 149 6.65
493 971 44.72
218 247 1.78
365 156 17.22
273 823 38.55
802 342 41.9
692 523 33.26
457 12 32.26
279 497 34.82
263 337 5.8
786 168 15.08
118 817 5.36
486 412 43.36
880 389 12.65
272 673 9.16
850 293 6.73
189 309 47.67
578 829 42.69
900 912 39.28
265 786 49.46
454 764 47.81
634 788 21.38
945 918 32.15
264 900 4.96
328 293 12.45
667 316 10.82
860 552 45.27
195 340 11.15
366 762 11.48
563 352 14.35
969 839 47.33
223 676 42.22
460 70 1.31
982 331 19.36
566 446 29.53
368 673 21.41
200 874 47.38
808 422 16.06
926 839 38.58
450 459 20.85
981 283 30.98
910 148 42.41
622 349 34.72
579 966 4.71
377 89 49.96
396 824 17.86
459 451 40.63
54 27 34.9
648 768 35.4
719 628 41.23
472 722 9.46
928 318 20.43
430 187 18.7
4 875 40.19
499 846 2.89
86 658 4.68
999 970 46.4
294 527 22.75
984 952 32.45
260 199 46.77
225 930 2.07
699 634 43.41
780 828 30.01
727 746 16.19
7 653 7.41
287 864 9.04
475 820 25.73
827 116 31.97
87 468 37.18
550 907 12.36
9 34 24.22
956 568 40.43
957 803 45.06
341 709 43.06
419 881 32.36
200 856 37.96
61 301 9.78
216 257 39.43
630 91 4.44
610 872 7.63
659 651 23.94
804 369 5.47
141 91 33.17
575 601 1.36
717 344 9.81
646 303 31.38
358 268 27.1
292 550 11.26
607 110 9.27
33 167 17.54
822 239 27.96
29 953 36.88
221 321 7.54
683 739 14.67
191 912 33.77
655 846 17.06
51 346 12.62
776 997 5.33
552 192 5.8
942 790 8.09
415 493 25.12
148 383 14.57
596 731 0.53
71 347 1.84
613 763 45.57
36 677 49.82
472 27 29.65
245 378 40.59
337 527 28.64
588 793 32.75
529 162 14.08
558 643 47.24
687 811 6.5
650 388 48.32
715 83 10.28
783 722 2.55
285 243 15.79
616 427 48.63
818 984 49.64
627 393 13.29
271 233 25.29
61 503 11.92
259 12 44.38
87 658 27.63
841 206 23.92
508 202 19.25
891 786 25.58
312 600 16.96
527 54 41.04
514 544 24.15
710 179 41.94
434 806 5.31
863 891 33.68
979 66 2.91
168 339 9.8
74 133 40.53
477 784 37.82
612 900 35.71
926 276 17.95
795 346 13.55
253 295 43.14
282 495 31.29
981 215 2.93
948 77 44.78
188 491 13.46
128 958 20.34
577 473 23.25
127 649 18.9
750 229 37.4
996 181 5.31
974 739 23.19
850 810 12.22
327 706 6.25
937 588 16.86
9 904 39.73
369 17 18.91
917 538 28.74
45 120 39.59
679 883 18.12
81 217 45.06
164 401 4.73
92 265 32.33
172 917 14.77
206 581 2.04
856 929 42.3
802 59 30.55
572 961 27.95
853 198 43.13
446 676 15.5
189 321 31.3
317 659 9.88
58 184 49.81
58 502 22.17
359 940 23.11
193 51 25.84
553 325 36.68
561 336 13.95
759 895 36.26
47 310 38.7
368 135 6.46
919 302 33.1
607 581 1.05
563 725 9.77
570 322 49.03
929 825 3.08
902 472 14.17
96 251 19.12
236 767 40.91
691 620 32.64
175 292 26.04
308 154 21.3
667 800 14.15
433 50 5.29
463 953 24.15
19 917 14.81
643 626 26.13
217 861 38.86
298 147 0.22
921 366 16.01
33 77 24.08
383 511 12.19
278 956 1.29
228 424 40.91
313 181 10.92
151 676 18.48
549 951 27.47
654 446 10.67
303 396 31.26
398 669 17.41
374 942 1.59
926 529 8.98
873 396 9.02
560 845 20.6
964 276 48.31
320 69 32.3
370 304 30.72
50 23 7.43
539 227 33.07
623 763 36.25
600 931 30.66
592 725 30.88
913 366 23.4
489 279 43.85
870 678 47.21
151 321 35.39
898 927 47.95
786 851 44.12
217 454 31.42
179 959 21.29
83 529 40.73
710 65 21.69
397 235 2.1
721 832 2.96
447 614 21.02
891 652 20.87
928 576 3.56
981 351 20.25
780 801 21.37
140 118 9.89
406 705 35.28
844 559 25.15
301 28 39.11
206 739 23.71
395 367 34.65
242 834 28.44
520 577 48.91
877 43 26.21
883 261 6.9
36 355 3.19
313 908 26.69
263 499 45.0
51 557 8.66
366 116 4.95
132 39 47.51
903 395 44.85
304 363 3.96
133 623 30.38
286 292 32.64
474 464 17.79
727 312 24.35
222 480 49.11
188 486 33.58
900 875 31.0
370 743 26.81
820 440 5.94
857 518 3.1
435 279 35.58
136 818 6.14
756 42 2.66
603 705 16.12
314 350 2.11
181 220 30.57
83 393 31.93
789 296 15.51
558 779 11.38
845 144 32.25
285 271 47.52
565 69 20.64
419 440 40.94
268 896 46.35
607 302 18.1
287 588 48.72
615 176 0.99
288 270 5.35
557 74 24.11
744 495 11.77
981 710 35.32
532 638 7.44
740 364 19.8
443 967 14.3
498 947 15.55
317 33 40.45
432 631 45.03
541 1 39.47
331 939 19.74
792 537 5.3
158 894 33.85
980 269 23.91
539 712 48.34
217 594 45.32
283 203 29.43
618 320 33.87
624 708 43.66
77 551 0.52
106 536 27.49
782 714 17.9
46 41 40.86
775 536 18.16
416 89 32.72
347 344 23.78
578 540 41.55
286 738 13.58
106 255 25.27
198 962 29.9
104 501 13.14
236 766 37.76
164 102 46.93
715 957 3.75
380 527 29.78
888 703 20.55
235 919 28.98
296 889 12.72
235 853 33.34
364 880 20.98
404 245 46.45
687 426 24.91
969 106 5.11
698 3 45.58
783 875 0.21
740 559 1.57
514 737 22.61
682 962 4.4
954 829 34.24
663 608 20.12
909 551 6.68
497 423 48.14
399 867 30.39
727 551 23.0
99 503 2.67
372 538 4.39
793 553 37.68
793 782 10.28
832 42 45.39
806 375 44.77
749 383 4.63
633 535 45.21
834 196 36.02
300 712 22.9
16 425 11.74
763 863 47.8
908 375 22.63
35 360 30.62
309 505 7.97
28 174 34.81
139 45 39.41
240 449 7.08
970 163 38.74
161 487 47.25
668 578 48.51
718 30 47.78
802 711 15.66
622 541 18.3
676 367 40.9
226 680 23.08
987 553 40.81
415 99 47.94
525 711 15.32
553 107 28.31
657 43 10.66
897 818 12.19
270 948 16.6
144 794 49.96
640 552 37.35
153 734 48.07
955 993 27.43
154 670 45.18
813 818 37.48
834 265 17.42
151 833 19.92
28 986 43.97
869 932 1.26
219 469 15.57
49 878 36.02
307 720 46.27
315 976 16.99
438 605 2.97
347 90 28.08
100 988 48.46
253 265 38.74
281 539 0.81
867 200 3.68
234 367 46.35
862 257 47.41
527 866 3.79
966 331 31.05
106 29 24.25
580 979 17.73
503 68 25.96
638 348 23.98
418 239 2.12
299 489 16.52
43 980 7.92
362 271 37.9
340 280 25.5
911 694 19.96
457 117 26.16
686 734 20.79
78 611 45.16
781 236 49.84
77 673 7.95
470 44 25.52
133 649 46.1
50 926 41.72
451 801 17.47
574 690 2.6
276 15 47.99
825 558 20.08
896 218 41.68
252 788 4.65
561 837 11.57
400 534 18.16
337 325 16.53
851 740 46.67
191 911 48.1
19 594 42.68
106 197 47.04
800 461 28.42
867 904 41.46
398 20 46.25
847 268 36.97
656 112 38.04
91 192 4.94
574 150 32.45
150 653 6.31
191 217 18.16
377 396 7.26
343 322 31.46
409 771 37.66
466 330 38.52
588 510 15.0
470 100 46.37
303 359 4.53
461 254 31.65
606 992 10.84
496 526 32.89
732 44 47.62
924 990 10.4
469 564 9.86
328 857 37.55
603 486 27.24
989 630 48.78
454 933 8.34
404 10 32.26
218 838 42.75
883 560 20.22
60 974 12.2
816 250 45.28
965 974 22.42
875 958 49.48
821 153 4.63
384 747 1.34
264 690 49.3
346 123 47.3
732 577 24.93
361 217 46.19
649 660 1.74
444 906 9.18
135 431 43.26
863 621 43.1
274 623 49.07
326 852 22.21
425 80 28.21
415 275 41.67
394 508 6.01
908 678 36.53
600 180 16.88
246 260 31.52
909 22 11.44
194 200 20.1
375 959 9.53
248 924 6.23
830 840 9.95
214 661 28.58
284 83 23.25
104 116 24.95
403 725 27.05
651 801 33.92
906 715 1.86
229 640 22.18
272 734 41.15
183 941 18.32
295 489 41.63
650 1 28.17
770 831 18.37
373 820 2.5
910 959 4.66
188 922 25.3
316 706 38.34
402 441 39.56
909 881 4.82
312 111 28.05
828 65 1.9
203 821 18.58
967 160 13.04
537 112 36.75
822 263 23.92
836 876 34.28
842 695 41.64
109 321 27.88
303 630 27.21
913 136 41.66
393 737 29.85
831 797 6.03
226 457 15.7
8 228 27.27
418 992 14.87
725 565 5.26
101 851 17.73
692 129 40.73
168 351 35.8
331 324 40.1
60 781 2.93
603 595 43.25
233 215 29.79
437 717 18.73
476 659 38.23
72 52 41.92
201 485 42.6
177 386 43.7
632 638 11.61
824 702 41.26
363 177 38.17
273 87 37.89
606 866 14.17
528 165 6.0
526 687 4.08
267 244 45.67
138 697 34.01
340 841 41.52
717 481 12.78
140 949 22.32
657 45 27.68
817 95 10.83
732 346 10.33
224 948 36.52
414 817 47.47
170 576 19.68
337 636 17.45
595 740 23.98
663 671 15.44
574 40 13.58
431 529 39.86
474 391 42.07
768 858 47.48
511 959 43.34
444 196 47.51
649 240 38.38
598 340 43.18
875 330 17.92
196 600 44.75
349 705 8.26
677 825 19.95
967 786 26.12
778 952 15.94
499 821 29.22
561 953 32.02
950 546 21.07
949 364 43.82
734 838 22.06
687 777 27.84
309 253 23.94
736 433 9.82
476 983 1.83
795 154 11.56
272 757 15.73
711 521 48.8
537 778 43.51
891 375 36.97
237 596 48.82
696 469 42.44
569 898 0.17
130 258 24.71
264 485 21.9
559 298 48.54
65 657 23.96
605 766 6.08
372 834 25.01
960 120 25.82
629 57 2.4
353 213 9.25
440 863 23.54
399 323 26.13
466 206 35.35
82 770 16.22
62 909 12.48
706 357 38.81
37 706 40.2
660 567 31.26
52 679 35.19
925 984 34.17
129 687 35.67
204 688 14.33
198 863 22.8
675 608 15.67
348 7 16.65
167 821 45.12
817 681 23.43
67 550 2.93
34 462 45.57
736 291 46.12
257 309 2.48
872 510 30.1
567 14 47.75
534 507 5.49
314 888 8.18
815 185 6.59
640 512 11.06
499 328 3.17
810 812 8.56
283 282 49.89
938 593 2.59
612 396 5.85
716 866 19.0
827 203 12.43
504 890 27.38
631 138 9.32
798 494 1.7
570 440 37.01
8 749 17.16
783 748 18.91
243 353 31.11
285 43 38.08
541 702 48.98
66 205 21.32
864 344 31.59
288 949 18.18
325 142 6.75
554 504 13.77
522 43 6.46
551 298 41.77
908 745 10.62
806 638 18.69
973 78 39.75
560 653 1.02
294 928 2.04
145 627 24.79
933 474 14.58
943 702 20.53
992 15 34.66
585 472 7.89
32 235 4.75
936 90 10.67
775 167 33.77
504 465 47.26
785 244 8.31
368 411 41.48
374 220 49.43
269 368 15.76
38 21 4.75
267 410 21.89
379 367 41.08
83 191 34.8
178 643 29.5
549 764 31.07
25 764 43.72
240 961 47.14
634 191 22.48
196 905 11.75
622 948 28.46
215 328 23.57
67 836 19.45
884 173 47.36
998 490 32.49
92 479 31.8
193 740 17.6
81 586 7.73
366 785 46.36
134 937 8.14
761 579 9.43
992 778 10.27
1 140 8.59
31 847 35.66
606 586 41.35
869 497 6.38
460 676 20.39
661 181 44.23
335 492 15.84
973 289 14.91
405 324 5.72
996 700 11.19
358 523 18.74
116 659 37.51
446 583 4.21
936 328 3.11
778 99 15.51
230 123 2.8
438 160 47.46
646 819 12.16
493 108 23.0
849 747 48.85
992 160 30.99
347 359 2.86
685 771 25.64
705 150 16.26
977 714 7.47
267 487 47.52
974 410 17.44
330 574 36.2
382 585 38.55
163 710 41.25
701 978 13.83
745 725 10.62
354 167 5.77
766 381 49.7
645 679 39.73
306 967 44.12
506 143 43.1
226 343 5.55
325 138 12.84
666 733 49.6
764 491 16.24
467 496 32.0
712 80 3.53
813 378 12.19
555 174 36.65
781 944 33.94
170 489 15.33
192 761 8.63
859 491 10.15
646 140 10.38
392 209 42.49
823 948 41.6
795 890 33.04
528 973 3.75
415 961 23.43
119 37 11.11
773 544 10.89
634 614 14.44
339 317 21.69
732 960 7.45
166 975 37.56
696 673 21.5
641 495 28.21
435 558 22.86
27 233 34.83
245 121 12.65
469 810 41.4
752 91 41.43
801 569 15.25
103 576 39.59
228 296 44.03
792 512 29.36
643 961 43.31
354 553 26.83
313 963 8.24
87 992 10.04
927 460 32.85
539 199 24.84
651 406 22.78
786 709 21.16
665 52 30.69
749 803 10.96
196 211 48.76
773 739 13.33
773 419 49.31
422 417 3.75
402 822 23.0
461 203 12.24
288 957 23.67
842 411 19.19
113 960 40.35
838 953 29.13
375 748 30.0
542 90 9.53
934 796 8.88
45 262 16.35
709 122 16.61
701 91 38.09
845 252 34.57
183 965 27.82
680 313 9.53
205 239 5.86
43 747 4.15
319 881 6.4
276 717 18.09
538 81 8.19
363 428 47.85
538 956 32.58
741 152 28.21
449 892 12.44
220 593 25.8
621 304 31.87
415 443 33.51
165 529 9.8
992 828 44.57
980 193 0.13
185 395 17.08
84 892 7.29
149 921 22.81
84 192 19.16
645 329 8.89
18 998 38.04
344 592 37.51
281 536 47.0
88 335 6.71
860 435 30.82
172 822 44.62
152 924 30.02
280 169 10.75
686 260 42.13
358 452 30.72
166 806 46.37
648 760 34.5
164 101 16.59
482 501 14.54
438 313 2.94
468 448 17.22
763 368 4.01
878 620 29.75
405 302 20.27
658 850 25.64
79 839 23.95
357 611 33.11
400 617 2.57
166 602 45.11
862 901 31.1
629 372 44.26
411 541 2.43
221 625 22.81
507 517 47.29
169 714 36.22
67 691 2.17
194 170 38.34
187 88 38.43
79 728 7.98
373 198 46.59
178 305 39.33
467 593 27.22
666 55 33.18
340 537 23.99
235 590 42.25
135 676 44.96
535 419 41.18
589 621 5.25
968 293 11.11
171 362 38.3
394 582 49.7
517 759 12.75
325 521 39.29
940 805 9.16
57 955 30.31
352 87 4.05
144 187 22.14
926 137 28.75
96 515 0.69
580 665 17.07
357 54 20.64
999 928 28.92
138 490 0.27
563 384 36.58
841 277 28.64
570 300 36.74
590 802 17.99
467 556 3.93
295 387 19.1
109 952 30.58
142 629 3.84
760 490 4.68
141 153 6.83
378 7 8.52
464 895 7.92
336 484 31.13
814 498 28.04
208 970 22.39
328 625 3.64
485 531 29.33
328 553 49.35
986 916 43.32
187 469 13.83
375 592 31.49
45 449 37.07
469 376 21.42
532 231 6.97
703 322 35.32
366 242 39.96
202 114 8.4
968 784 32.66
885 714 20.43
401 121 38.73
456 367 29.72
819 529 36.35
846 264 49.0
402 106 20.22
42 664 40.9
971 836 40.98
205 10 20.09
638 95 19.01
966 106 10.94
29 109 40.93
168 151 22.1
114 522 4.05
943 565 14.33
780 101 8.56
426 877 3.51
298 438 7.47
186 852 8.78
813 440 11.72
969 283 24.73
538 734 11.41
660 355 17.41
974 583 14.52
49 398 16.13
423 803 21.25
473 795 47.07
833 21 45.67
598 440 29.99
254 233 15.97
550 55 36.49
732 653 31.72
229 667 36.6
43 817 29.03
662 514 40.96
348 144 4.56
299 850 27.15
570 87 25.53
440 213 22.29
444 979 5.33
739 751 48.65
625 869 4.12
606 356 25.54
594 806 19.4
923 845 8.52
354 829 14.19
118 201 36.59
713 701 39.29
479 542 49.13
276 657 41.99
533 935 26.78
526 651 15.32
515 716 4.9
227 470 31.27
78 583 3.77
479 257 15.89
756 251 17.2
738 28 16.88
998 885 49.92
830 545 32.01
278 893 44.72
879 782 12.05
593 379 42.21
537 560 23.28
878 379 19.59
358 439 2.81
645 971 10.16
53 839 14.6
65 442 11.76
739 186 15.19
342 233 0.6
581 616 16.05
402 795 27.06
859 200 33.74
335 766 30.85
711 822 0.12
375 136 26.5
539 365 11.95
534 52 24.15
934 540 33.75
396 581 16.96
855 155 28.07
192 600 33.92
408 596 24.42
397 475 26.18
468 844 2.13
944 794 25.63
512 529 2.51
7 830 36.94
629 19 2.34
371 334 47.85
684 605 24.6
262 992 18.41
968 530 31.87
206 253 36.35
15 426 44.54
808 834 4.72
593 172 49.21
932 747 7.84
583 331 12.02
175 329 33.43
972 924 38.04
140 931 11.99
863 475 20.75
274 645 19.16
439 507 4.72
601 805 23.55
77 389 40.67
220 602 0.04
61 53 44.55
279 326 18.28
900 841 31.35
209 795 7.24
723 731 29.75
515 671 39.11
138 44 46.19
631 721 20.13
757 905 35.32
834 67 21.69
490 16 49.41
603 384 32.39
904 673 30.82
337 877 10.51
202 438 30.37
103 913 16.82
473 701 29.07
690 582 9.81
901 418 12.49
553 975 38.79
948 335 45.05
820 18 25.44
169 15 16.06
310 638 31.32
278 308 30.76
539 675 16.82
153 53 47.24
322 566 6.86
898 68 14.46
563 420 40.43
779 513 47.71
952 115 43.33
30 850 34.96
520 926 28.64
26 117 2.02
223 599 44.94
310 778 24.51
511 565 10.47
836 587 12.35
891 294 40.11
159 52 5.82
117 475 43.15
125 437 12.53
239 872 42.01
548 205 31.84
239 202 35.93
976 990 6.12
624 785 9.18
748 126 8.85
672 685 10.15
692 329 25.44
44 963 6.58
345 649 6.35
797 919 1.89
43 384 21.24
869 73 29.67
968 210 19.51
570 250 26.29
4 638 5.03
938 133 16.75
983 995 12.49
221 224 34.86
546 949 28.58
758 154 37.27
121 838 33.5
225 708 9.83
993 79 47.84
494 818 6.32
987 599 4.83
916 377 1.89
663 87 30.63
742 560 37.87
665 654 3.79
137 873 30.33
856 937 30.34
155 54 12.14
969 879 12.82
797 798 27.02
95 581 10.1
642 183 44.71
974 861 29.5
757 963 18.16
299 543 14.59
374 909 7.48
909 258 39.96
317 395 0.19
279 304 48.93
861 59 14.34
555 631 21.4
74 943 28.97
551 573 36.9
11 675 46.61
483 201 2.04
784 59 3.45
753 102 42.84
468 896 6.05
868 185 19.33
347 218 37.98
993 776 4.52
605 828 45.51
656 730 29.79
673 380 29.59
826 227 36.39
258 506 40.06
148 126 36.22
229 342 39.19
971 755 25.34
800 803 23.66
358 569 10.68
885 985 18.18
447 930 3.58
796 332 29.21
825 563 3.99
428 520 24.42
594 354 45.58
826 78 32.0
42 696 45.08
935 637 33.94
386 679 48.87
565 644 9.43
702 75 46.13
234 691 17.35
875 282 20.48
404 119 42.04
545 478 41.58
555 669 12.53
617 119 3.83
154 60 43.72
271 58 2.09
486 589 37.28
680 391 43.03
852 52 21.07
821 316 26.61
414 925 48.69
830 301 44.17
311 281 24.84
256 141 28.39
962 385 17.9
391 844 5.68
958 79 18.5
180 128 43.35
300 874 1.83
559 421 2.37
271 896 1.61
173 751 1.5
458 826 5.89
771 941 20.08
157 325 38.37
608 566 14.84
424 990 43.91
87 420 0.78
718 587 3.8
882 165 47.49
243 630 14.43
543 294 19.82
382 138 22.95
670 704 46.39
951 365 24.75
905 142 30.25
497 999 40.72
155 762 23.42
129 287 6.56
129 788 21.12
908 106 22.52
371 669 42.21
829 533 29.77
75 5 49.24
180 408 48.44
716 707 25.51
799 482 33.41
380 891 16.68
228 537 26.21
234 718 11.35
196 105 5.01
959 127 28.43
274 769 10.54
225 834 49.02
641 108 2.42
531 734 27.34
866 3 29.07
886 497 37.85
859 685 24.61
739 472 15.89
232 856 27.65
622 670 24.97
781 535 0.26
268 801 36.9
384 996 10.17
917 226 40.14
332 708 25.66
186 43 47.72
265 304 10.51
7 240 8.53
20 8 45.84
130 609 34.91
5 999 46.94
993 644 44.79
843 740 35.42
160 700 29.19
793 100 21.66
992 430 44.23
932 475 48.03
145 345 42.4
747 322 40.54
200 827 49.39
909 399 15.89
129 480 11.41
462 282 40.88
589 780 32.88
617 539 43.34
452 685 45.71
478 47 27.41
581 532 49.76
438 746 0.86
408 426 38.51
729 124 29.09
755 821 25.31
550 374 38.51
153 90 13.28
155 987 2.0
900 522 6.45
777 57 0.24
723 279 40.3
737 543 16.04
988 861 17.78
344 119 32.93
443 107 20.44
62 219 25.53
368 17 25.37
994 889 46.81
485 82 45.46
151 288 36.53
181 545 24.25
115 57 45.94
142 621 7.24
426 209 45.97
943 830 27.87
734 292 10.39
394 239 40.23
770 393 40.33
819 380 0.34
1 394 24.05
582 291 44.3
812 826 4.11
716 28 34.86
913 430 4.34
406 251 47.62
564 967 0.67
776 282 44.03
889 692 3.05
647 105 31.56
871 346 0.77
395 472 40.4
510 717 9.46
485 377 2.13
833 758 46.4
881 624 48.2
389 156 49.94
101 68 5.2
111 989 0.15
880 341 49.36
18 980 40.27
555 150 44.92
46 641 42.8
963 226 29.85
321 686 9.8
268 536 27.45
562 806 44.32
463 720 4.48
296 743 28.71
588 813 14.6
839 374 45.99
712 978 11.12
458 535 32.53
984 263 34.43
913 635 3.82
292 692 27.59
661 17 0.16
652 850 8.38
55 952 5.97
742 118 27.05
412 864 4.46
253 527 17.03
563 623 39.39
291 789 0.18
84 783 16.87
95 146 38.91
594 658 43.32
343 594 35.1
490 672 9.86
655 420 9.78
721 301 49.89
104 728 8.13
810 870 13.83
578 232 11.44
245 722 24.52
905 561 1.44
992 370 47.3
218 273 12.71
426 938 31.26
847 424 25.76
434 520 1.89
999 225 46.62
84 122 10.88
622 735 38.99
179 210 25.94
99 794 21.27
136 195 21.71
180 946 14.13
569 66 13.4
219 440 23.75
450 487 6.17
220 521 22.2
623 835 16.68
964 332 39.17
599 946 7.96
187 873 8.59
394 584 15.16
378 345 19.54
548 421 27.78
205 810 3.61
639 27 33.16
482 962 49.32
476 172 17.65
520 465 20.57
258 302 13.78
416 953 17.44
917 288 26.61
63 223 7.18
696 756 17.72
793 1 17.73
338 253 22.92
871 479 28.66
277 48 28.37
618 843 12.36
881 540 30.55
701 299 23.33
957 604 7.17
694 284 5.39
150 385 30.05
780 494 33.96
702 802 5.71
634 572 35.99
166 21 36.58
803 725 3.47
675 223 13.28
52 756 30.26
348 242 4.6
513 879 2.7
69 415 27.62
893 479 26.52
780 961 20.24
725 236 24.3
790 335 35.19
751 82 36.68
113 280 34.64
427 869 11.26
488 256 25.45
53 222 31.43
286 139 44.47
16 389 8.49
89 895 43.74
36 14 32.41
248 588 42.11
312 958 0.6
797 644 3.35
936 93 19.6
204 181 20.69
719 924 1.4
409 603 34.3
894 910 4.71
622 49 31.43
835 368 1.85
186 695 28.28
154 130 33.23
554 482 9.28
431 213 45.06
139 192 1.95
585 708 40.38
301 451 44.97
521 5 10.09
361 35 13.04
280 423 48.66
404 406 44.45
956 764 48.31
105 338 26.43
490 469 7.16
618 774 28.95
573 746 28.78
176 318 39.67
301 241 35.32
110 462 41.56
273 148 11.76
153 108 40.12
261 190 46.41
690 759 38.55
220 827 31.52
793 180 28.24
166 597 38.29
739 317 6.32
898 955 32.67
118 122 4.02
525 625 1.81
959 298 7.3
177 860 16.25
818 584 26.27
439 13 9.42
25 720 20.62
260 35 14.66
507 896 16.72
823 763 9.23
199 106 5.75
817 369 26.8
854 502 43.55
523 742 12.21
795 442 30.21
931 722 7.37
638 899 31.43
686 232 22.74
476 627 14.33
975 246 16.84
264 275 7.55
686 884 25.19
413 183 9.12
946 42 0.94
993 439 5.93
431 708 1.73
396 810 35.53
352 79 31.2
126 306 14.26
726 715 19.05
572 148 25.79
205 496 0.42
114 671 10.64
22 91 34.2
433 226 20.33
199 936 29.58
139 904 49.6
428 398 32.3
442 580 36.0
849 536 5.04
284 271 19.57
886 736 21.16
305 247 33.87
417 892 27.63
210 47 6.31
142 723 20.68
956 380 27.57
122 662 17.36
579 748 9.4
747 921 47.13
487 30 35.35
65 905 30.43
705 190 21.36
440 461 5.05
78 567 41.76
563 758 7.3
66 9 41.48
466 544 11.86
62 498 47.26
396 721 33.36
531 151 8.87
477 751 43.07
628 530 46.52
113 212 6.1
183 218 1.9
134 715 48.08
316 728 38.83
710 249 15.31
20 286 13.51
506 278 49.4
802 176 36.37
879 460 5.1
685 260 24.51
700 388 0.45
60 203 48.7
210 557 49.34
408 159 9.43
434 895 39.6
469 757 34.19
650 721 34.41
0 82 21.98
384 128 40.66
58 896 21.92
148 329 5.63
515 727 19.71
778 444 22.6
471 710 19.62
13 457 46.5
44 873 49.88
565 219 43.55
481 33 36.16
618 897 21.94
449 378 31.28
829 906 16.88
637 814 9.32
685 774 29.69
85 188 28.75
984 954 49.52
111 45 42.19
333 953 16.29
142 890 30.4
752 757 15.22
740 665 13.97
94 93 26.41
831 375 49.16
892 326 37.95
919 373 43.61
899 261 17.2
38 198 33.6
191 817 23.11
102 60 46.96
59 467 31.48
454 895 34.81
925 742 36.8
453 640 40.85
584 401 36.19
669 415 39.14
621 370 45.77
864 210 9.93
80 266 45.18
598 696 38.63
985 997 43.35
493 911 14.45
575 736 7.66
495 563 24.0
398 955 48.87
543 408 30.03
594 359 6.26
619 132 46.89
425 751 31.06
563 320 22.52
581 488 21.27
56 134 11.35
15 194 17.78
301 873 23.91
965 414 29.8
753 777 16.28
556 391 17.56
123 846 37.54
669 491 21.55
556 474 33.57
292 985 40.51
112 402 13.5
92 395 24.92
684 939 19.05
259 387 18.77
505 390 47.41
860 359 0.02
167 374 15.69
480 574 39.32
626 198 18.57
867 74 17.49
168 773 21.16
165 973 14.19
937 363 45.68
901 734 4.61
245 571 4.43
599 859 25.9
401 153 0.97
599 142 2.58
818 347 18.35
828 34 48.25
847 922 36.13
685 781 41.5
26 7 17.75
94 109 5.18
663 960 35.72
172 637 1.89
996 186 5.35
332 911 42.87
775 14 26.57
720 992 44.33
587 166 39.78
17 273 2.83
490 134 33.78
173 73 1.03
115 45 2.99
498 270 46.11
805 715 36.87
721 707 35.84
818 931 36.45
123 801 41.36
229 648 41.64
279 432 41.67
451 297 18.37
801 980 41.95
605 550 46.32
428 658 6.76
596 706 16.44
313 850 39.81
331 993 42.62
381 92 43.61
601 545 13.04
902 213 46.22
636 522 5.15
374 745 37.28
94 343 12.78
814 863 12.19
730 445 34.95
380 306 31.7
511 961 4.12
533 492 13.69
612 596 35.43
635 795 35.71
522 632 9.89
231 422 39.4
621 169 11.64
831 638 42.62
563 502 23.57
457 623 31.18
10 239 46.09
294 246 19.68
357 646 41.12
815 586 39.92
792 0 17.0
387 940 36.64
111 379 10.27
31 673 21.99
490 359 37.29
963 396 14.58
716 255 31.85
67 982 14.04
767 887 5.08
907 872 39.15
728 524 10.33
778 669 36.25
585 305 19.07
591 11 44.53
209 894 13.05
855 264 36.77
381 473 24.69
68 494 37.15
371 662 10.21
918 465 2.58
601 312 19.15
918 773 40.59
530 144 30.33
453 546 24.38
528 650 6.36
121 882 5.56
482 965 27.97
433 607 15.8
496 665 5.07
163 383 41.47
289 576 23.6
980 754 49.54
795 831 25.87
615 800 38.49
675 724 37.46
148 380 35.74
144 543 45.58
771 693 11.56
588 938 2.11
110 226 30.13
810 595 19.7
970 227 10.32
752 495 0.62
125 613 22.29
33 891 1.33
653 539 40.11
767 711 16.67
777 483 27.16
901 241 41.68
311 74 32.62
880 780 31.48
487 203 14.53
362 133 25.19
746 151 17.89
44 269 3.36
828 626 34.24
460 564 45.39
219 482 25.16
681 46 47.73
197 745 38.51
201 167 31.61
542 296 33.49
33 320 37.81
271 228 44.35
517 657 27.13
783 891 2.74
738 598 27.27
166 333 5.75
995 349 40.79
428 397 9.76
889 308 4.35
430 534 0.63
201 532 16.16
913 392 36.85
290 810 27.6
965 730 35.72
515 411 24.53
226 71 22.04
513 580 5.95
309 883 35.23
558 458 0.79
332 229 43.31
107 453 48.22
741 540 41.79
174 508 3.61
579 244 21.29
572 870 19.9
32 664 20.16
696 741 43.81
660 223 37.5
137 683 7.33
84 600 17.4
992 485 37.51
363 927 27.73
511 285 1.94
756 352 45.0
842 345 2.79
604 673 22.64
153 487 29.81
268 354 11.51
380 419 31.53
469 749 20.05
477 212 14.19
819 503 46.36
961 588 30.21
498 847 36.13
710 198 21.24
531 868 18.28
158 856 36.24
255 401 45.01
939 185 1.6
554 722 14.07
512 313 28.58
57 374 28.8
413 709 3.09
980 964 6.05
163 505 14.39
68 888 22.69
644 190 42.1
149 877 49.12
588 20 35.32
541 977 2.21
602 214 34.02
531 390 10.54
607 914 0.15
384 397 22.11
845 16 45.31
1 514 48.44
376 136 12.6
914 117 29.02
584 662 42.36
876 757 17.32
861 303 25.74
375 620 32.47
49 675 25.0
936 359 41.3
1 819 17.05
36 213 31.26
700 265 44.67
82 173 8.55
105 628 40.46
389 211 20.06
871 304 2.6
450 191 24.36
279 941 41.67
577 179 25.42
691 987 48.96
457 853 47.09
374 386 39.32
684 660 39.16
931 592 17.83
232 649 33.71
639 946 23.05
812 896 2.93
146 282 36.12
30 158 30.67
406 465 42.85
787 562 4.05
166 443 24.84
359 829 27.15
920 384 20.61
544 692 6.24
963 726 39.89
175 890 4.69
785 106 32.36
958 32 16.49
870 926 7.33
354 63 8.85
654 529 22.3
625 250 38.29
754 524 6.24
5 975 49.6
123 721 8.52
56 164 23.78
357 860 15.14
757 19 49.16
613 571 2.18
405 696 0.15
59 72 0.23
223 895 18.81
488 795 24.98
5 561 7.95
232 914 36.24
189 421 8.68
833 354 21.8
214 280 1.4
258 476 13.3
46 248 36.91
164 691 28.15
538 90 23.59
68 307 45.53
262 897 17.09
398 881 14.57
640 296 31.61
827 911 9.81
801 812 15.48
916 446 42.4
859 604 9.31
676 427 5.39
403 723 31.95
33 196 28.14
576 698 18.03
378 994 37.83
138 192 11.09
602 647 25.85
531 916 47.8
443 223 42.94
937 878 2.34
748 376 49.79
457 787 44.35
451 955 29.18
965 32 0.79
187 58 21.67
639 812 49.56
207 210 29.15
907 408 12.37
596 768 39.84
800 415 5.57
570 469 13.74
551 984 49.99
171 460 29.78
874 273 35.24
594 976 34.57
214 387 29.62
997 177 48.06
1 434 24.1
924 37 23.05
627 180 47.64
271 696 24.25
193 303 41.64
442 342 37.01
661 956 33.44
244 942 38.06
246 784 1.91
195 462 8.08
838 528 33.86
777 643 40.97
103 146 26.33
202 144 5.75
93 144 48.12
43 19 44.74
638 525 33.82
76 261 46.33
132 271 44.98
518 160 11.07
465 61 45.87
662 913 37.72
553 513 5.93
407 69 39.73
475 693 6.96
115 133 13.21
384 191 0.85
427 244 14.62
922 598 32.72
841 813 20.28
534 364 15.12
245 967 29.79
754 563 11.34
525 530 42.57
430 82 9.64
482 697 30.05
607 424 45.72
185 544 45.88
839 773 7.69
815 142 13.28
310 685 36.56
44 993 1.61
924 510 15.0
321 654 3.9
771 246 19.28
649 559 3.35
297 576 42.16
595 981 19.63
507 965 29.64
229 173 4.97
947 373 10.56
922 260 16.18
227 998 36.13
605 654 21.07
735 968 36.1
595 824 6.77
591 937 38.98
557 275 43.08
513 396 46.83
907 977 16.22
234 458 48.75
177 168 36.82
398 347 3.66
797 508 41.62
451 667 19.5
966 590 49.85
58 135 5.53
614 393 4.03
381 87 24.4
745 505 19.44
386 932 22.92
979 844 38.56
302 848 23.84
670 98 34.48
225 258 16.26
793 423 32.1
376 705 38.81
641 21 17.16
478 870 8.1
19 229 30.94
113 996 4.74
655 108 2.67
243 641 40.53
70 607 2.83
126 676 43.47
605 530 7.83
334 70 11.73
992 554 0.53
315 251 3.56
31 16 41.97
347 440 48.22
627 734 36.38
972 588 31.62
785 113 25.76
79 217 31.62
845 809 49.9
360 104 46.47
94 219 11.42
171 503 34.03
909 437 27.77
497 320 40.4
909 385 47.77
920 737 23.71
934 10 47.35
672 410 5.73
256 517 40.61
890 815 12.09
725 659 25.95
473 258 11.79
491 803 14.17
164 483 10.63
472 834 20.45
89 34 32.9
532 772 38.27
819 561 31.29
481 777 1.53
629 420 47.7
926 83 30.39
533 106 6.47
111 868 47.65
265 459 7.23
326 562 44.85
892 985 46.7
621 973 21.72
969 169 37.61
257 709 18.18
326 321 7.91
368 334 5.52
379 25 5.68
43 29 2.1
992 492 3.1
116 785 29.64
250 85 38.34
897 773 27.88
77 820 5.2
279 226 49.05
458 57 48.93
742 559 8.85
747 77 0.95
723 739 27.1
946 549 36.57
841 374 49.69
61 648 17.7
287 869 3.07
212 438 36.57
77 645 44.12
217 856 7.77
861 397 30.96
110 660 13.02
558 86 4.91
266 920 37.45
572 644 39.81
12 956 46.56
585 251 32.6
542 922 40.13
535 988 28.11
402 103 33.42
907 800 41.97
416 393 5.75
555 601 17.62
22 632 23.92
104 221 27.56
5 108 4.16
843 809 41.24
549 215 12.4
451 670 47.67
248 369 5.76
550 221 33.79
406 327 36.13
441 809 20.66
147 695 27.15
567 656 1.68
175 428 39.71
782 112 20.43
599 0 3.59
134 877 11.9
398 687 36.05
618 839 16.04
839 364 0.32
526 8 39.93
544 757 35.32
786 498 46.79
519 132 29.55
493 443 40.03
551 186 32.58
242 490 5.13
484 476 36.35
726 313 17.54
234 400 23.54
527 186 22.25
161 910 22.46
302 852 39.62
179 712 25.96
901 894 2.36
804 84 27.07
258 568 30.62
201 518 45.57
666 30 5.78
473 873 17.68
326 582 8.51
215 325 45.91
304 870 43.5
221 983 7.06
614 881 31.41
1 886 44.41
478 977 8.46
83 265 24.42
264 907 35.5
541 611 18.97
551 168 31.18
217 33 31.88
559 584 8.5
678 961 22.46
464 262 10.07
611 907 39.25
665 905 4.88
98 481 14.42
685 366 28.89
886 791 33.16
201 8 21.99
596 805 32.17
355 82 36.84
493 866 48.87
556 986 18.4
474 936 35.87
814 229 28.7
950 461 25.34
975 807 18.47
192 165 24.62
44 610 25.4
421 786 47.21
478 987 9.58
993 182 33.18
456 850 17.63
207 269 39.23
957 48 0.94
76 286 31.24
910 600 47.74
887 904 41.67
866 552 25.46
812 935 10.07
444 999 17.56
908 998 7.33
129 446 28.6
245 131 3.39
126 529 22.4
456 760 23.71
557 141 0.68
45 190 2.1
592 385 23.88
504 225 25.88
444 79 21.51
807 905 35.05
600 433 36.78
490 149 28.65
163 726 48.95
793 607 0.2
336 356 17.68
929 716 18.67
693 877 45.12
759 355 43.49
711 164 5.51
498 403 9.78
511 774 46.93
772 647 44.75
239 396 26.67
698 187 27.63
789 605 49.72
871 541 32.94
167 462 40.07
692 150 1.62
549 91 35.48
379 969 15.1
490 293 9.61
142 912 5.17
395 915 39.73
332 148 16.25
117 91 4.43
460 51 47.58
74 888 13.27
600 457 39.65
308 578 39.51
467 2 33.27
264 347 47.94
259 683 19.62
733 382 31.92
999 70 16.78
218 64 47.8
937 524 1.41
586 105 10.34
340 874 44.32
923 241 39.55
846 743 45.25
938 845 28.12
375 257 35.15
112 369 28.81
296 909 14.07
328 132 42.46
141 166 18.74
830 409 21.12
747 403 17.07
608 346 35.03
881 651 5.81
17 469 39.04
547 761 43.6
713 905 11.64
266 546 34.34
165 255 29.46
492 435 34.47
141 490 31.21
522 749 43.64
160 553 17.4
620 43 0.32
217 202 26.71
679 896 42.45
293 6 25.34
679 892 8.97
210 626 43.2
252 573 49.25
745 433 39.51
49 152 26.51
525 100 30.87
464 175 45.81
122 972 17.06
662 865 9.01
662 508 42.97
541 655 47.04
898 697 40.61
52 578 4.54
201 339 1.63
385 520 3.19
271 107 39.02
607 967 37.62
346 781 6.55
143 550 12.59
789 141 5.93
875 712 10.44
96 379 24.35
390 393 35.79
784 705 10.01
45 985 18.23
981 761 8.78
384 694 14.39
166 65 3.28
209 163 38.06
518 416 14.43
123 78 10.44
195 667 13.37
656 148 29.19
58 907 44.67
530 497 33.22
273 938 18.66
840 254 13.15
732 746 24.43
465 541 5.91
687 162 1.45
722 746 44.05
603 875 14.6
76 576 21.49
337 238 11.09
162 561 32.13
741 945 17.28
736 692 34.34
796 697 36.53
21 534 29.46
422 807 38.71
273 812 28.8
668 541 37.44
359 388 21.43
50 944 34.07
204 89 44.77
325 677 16.09
629 678 0.71
478 565 33.58
684 15 3.12
318 642 39.15
708 245 36.25
167 258 15.71
472 201 31.82
231 124 12.63
809 296 5.78
778 943 49.27
354 746 28.68
372 206 27.31
568 571 40.84
216 297 28.38
527 734 46.16
538 957 4.07
687 910 40.87
334 120 11.73
876 45 29.81
769 952 44.55
522 644 21.65
401 858 45.26
220 463 10.82
302 41 49.77
333 665 4.87
439 340 26.12
47 108 38.83
464 552 24.92
343 951 16.52
766 849 4.71
341 314 47.8
619 860 17.74
699 992 23.72
946 608 6.95
516 476 9.78
518 415 44.88
422 357 3.65
814 11 7.01
80 555 21.08
11 979 45.68
236 713 16.69
480 173 6.31
45 867 16.61
601 915 4.52
18 479 36.34
180 489 11.53
993 614 30.29
970 538 25.08
292 833 19.11
438 887 34.99
751 190 17.37
612 74 25.67
559 314 36.4
923 540 42.7
500 13 17.11
851 925 36.94
279 459 3.03
559 410 37.73
860 135 46.43
412 758 45.96
321 424 49.49
184 563 29.13
748 670 28.03
611 656 43.08
561 380 47.35
296 930 49.02
401 365 18.72
308 620 40.65
452 752 10.05
78 393 43.14
935 765 16.3
133 534 44.78
14 975 3.58
285 443 22.49
779 642 35.77
385 56 24.41
228 723 14.11
314 842 26.31
592 901 8.26
790 29 33.84
250 272 32.1
505 232 9.0
116 706 18.45
215 518 7.89
349 16 25.15
55 937 26.28
35 730 8.81
521 407 11.0
865 340 33.84
712 447 8.27
786 577 41.5
537 386 34.26
763 912 37.99
210 932 19.59
780 921 21.2
275 665 46.81
111 598 2.58
391 170 19.28
999 820 44.79
380 192 20.57
66 665 25.67
318 829 45.71
823 941 6.07
207 400 9.75
592 635 22.68
330 871 14.15
289 126 46.42
555 459 29.02
710 638 44.28
864 809 27.19
185 539 4.75
874 118 36.87
161 998 37.33
420 64 10.76
219 972 32.45
130 841 43.1
804 564 20.95
131 229 0.9
964 278 1.79
60 619 12.38
82 410 18.96
352 721 48.47
742 573 23.67
590 750 49.63
188 739 35.48
365 826 1.77
812 394 44.84
918 439 20.53
967 433 35.4
270 970 17.95
827 170 19.79
873 361 20.12
823 296 9.85
880 356 45.4
586 672 21.16
228 141 21.2
472 673 12.07
248 42 12.25
284 557 9.61
250 928 4.88
791 568 27.92
441 287 39.8
423 669 40.46
80 498 10.78
640 350 23.35
817 853 47.51
582 322 45.97
451 935 29.01
424 766 44.35
436 440 28.09
46 543 24.7
335 641 18.43
172 572 6.79
863 800 33.19
772 110 32.01
553 59 48.2
607 528 26.55
934 346 23.27
949 841 27.94
750 959 22.41
231 54 2.5
317 198 47.42
947 787 1.62
129 463 9.6
408 385 27.67
233 505 31.27
685 598 3.57
183 495 11.9
246 274 16.13
727 564 14.12
183 862 29.74
909 528 20.83
262 356 45.9
866 802 38.31
52 356 13.98
472 917 19.3
508 242 30.56
145 333 6.85
347 858 47.58
27 41 1.91
446 7 44.73
870 328 37.54
150 285 7.59
27 637 48.09
582 660 41.15
646 365 4.42
339 589 37.72
429 526 45.2
523 212 9.48
375 848 19.89
902 590 38.26
990 853 21.14
48 98 39.66
284 113 23.27
884 962 34.09
689 572 8.43
433 448 14.86
955 429 4.2
465 779 2.07
35 30 24.6
997 801 21.81
502 700 1.6
713 108 1.83
281 814 15.62
78 328 28.72
340 827 31.62
458 208 16.49
160 318 22.24
89 165 43.43
392 723 10.28
119 401 22.03
963 161 41.09
667 118 26.95
599 871 49.24
182 737 16.99
471 160 15.28
137 298 0.29
414 961 15.45
954 251 6.34
674 912 1.45
631 807 44.44
225 892 7.99
672 10 45.91
830 73 22.84
657 852 6.55
308 867 17.98
237 744 16.5
17 935 30.61
692 390 37.22
605 87 49.81
93 959 8.84
568 980 7.74
708 879 46.81
710 611 44.59
621 698 13.72
734 331 12.78
94 985 30.77
126 643 9.06
952 819 23.31
928 358 22.92
534 71 26.86
480 96 15.81
701 806 12.97
452 855 48.48
2 67 29.36
778 612 3.2
150 372 34.85
476 642 3.37
309 912 47.97
863 739 15.64
241 72 17.12
22 184 28.6
155 872 11.64
435 495 37.73
947 748 25.53
223 500 28.47
858 325 29.93
469 826 37.97
951 860 5.98
434 417 41.38
774 571 37.26
943 623 0.36
594 817 39.75
429 201 29.95
723 828 7.58
391 521 34.8
112 597 5.21
123 54 37.48
703 329 39.72
121 201 19.48
127 373 2.52
826 308 20.3
620 823 26.14
489 195 41.2
123 385 10.18
693 988 28.05
633 175 30.25
381 848 11.86
751 965 5.06
457 825 16.66
993 811 9.99
567 484 1.98
881 667 39.59
444 374 40.75
512 175 37.89
862 97 44.59
46 469 32.82
184 261 35.33
732 388 30.26
94 897 25.21
385 510 44.08
716 225 8.8
905 838 10.73
122 687 36.36
399 169 10.85
378 436 31.64
876 751 45.9
144 149 37.39
581 80 44.67
929 120 18.12
256 408 3.17
156 390 22.88
798 957 41.59
411 321 10.43
115 750 43.52
130 812 15.5
721 587 26.11
87 48 37.35
328 497 24.45
456 243 11.65
385 205 10.01
391 328 32.03
341 397 0.73
289 227 20.67
626 732 10.08
738 11 5.95
550 21 23.2
922 585 0.94
345 812 31.14
746 53 38.67
471 626 48.23
359 134 8.74
443 160 33.31
398 120 5.31
661 784 33.18
46 508 38.08
348 408 15.01
240 341 26.52
964 144 5.42
82 975 42.48
729 625 5.56
23 736 37.84
194 405 5.16
544 1 41.9
614 596 23.92
413 156 38.12
609 139 14.79
884 404 30.63
560 308 22.46
1 410 39.08
680 786 49.9
372 92 14.58
338 131 47.16
230 661 0.42
186 654 49.76
627 273 18.65
75 188 8.32
840 679 47.83
508 449 17.28
542 263 17.61
645 426 18.06
557 812 33.2
746 126 21.33
889 473 6.26
350 791 13.71
672 493 9.27
857 240 36.55
914 112 37.14
651 758 48.42
911 453 3.18
534 872 8.24
76 208 16.74
702 360 43.0
157 559 36.09
524 897 42.74
788 107 13.44
350 449 5.38
624 741 48.42
945 30 35.79
6 763 42.96
967 922 36.74
964 474 2.65
528 873 14.18
824 403 9.78
861 632 5.61
684 904 48.45
759 885 28.36
917 517 45.19
860 731 33.99
127 97 47.1
610 436 46.16
114 228 45.45
2 871 1.91
480 681 14.72
598 329 10.45
412 347 25.68
778 589 39.4
99 633 6.55
862 14 35.71
582 43 18.07
361 306 37.21
550 564 26.66
239 534 31.46
766 808 4.93
860 558 20.36
677 365 10.26
191 531 2.54
184 675 40.18
815 308 40.91
259 606 38.23
689 360 39.05
129 688 24.84
199 192 8.84
911 817 5.78
33 519 21.09
437 513 15.07
992 235 42.63
588 674 29.99
581 323 26.09
184 768 3.47
14 272 33.26
606 34 43.15
433 982 38.72
95 928 26.87
855 58 28.36
955 684 31.61
802 819 26.36
303 651 16.69
918 898 5.16
447 803 42.08
131 795 5.04
403 276 19.87
216 556 13.96
238 281 40.0
441 795 33.77
401 510 31.5
906 778 35.8
708 961 17.14
258 284 37.34
14 946 42.18
849 446 11.03
151 436 7.83
857 809 20.28
916 956 16.17
383 52 7.57
195 623 36.01
803 259 47.22
362 701 28.53
931 309 10.25
548 442 27.65
476 215 27.39
499 713 2.07
153 436 25.41
630 737 35.61
737 14 3.28
956 890 47.45
156 451 6.97
135 46 36.46
350 522 6.36
946 770 22.3
315 605 22.99
755 100 21.4
984 239 4.97
289 356 37.59
704 277 44.29
630 461 15.82
868 583 31.98
957 738 2.11
961 421 48.82
876 915 24.57
982 307 42.62
603 343 8.41
578 55 48.49
755 810 12.47
450 0 14.97
608 638 25.99
424 758 7.24
239 299 42.27
724 550 18.49
232 920 30.05
871 853 31.83
788 913 4.42
755 322 38.09
119 945 6.61
900 702 29.34
143 87 35.89
481 124 4.11
842 394 37.46
90 155 37.75
651 511 37.57
875 153 40.8
278 895 30.45
640 751 48.65
823 883 12.25
31 873 8.56
255 898 23.85
544 293 3.42
798 119 7.87
743 936 27.59
865 629 5.21
40 814 6.85
493 172 12.94
994 961 33.11
169 499 48.34
365 742 14.73
48 453 13.93
819 885 24.97
324 126 34.01
2 87 14.23
676 149 36.5
983 912 36.74
406 706 32.88
476 700 28.6
509 582 5.19
994 763 12.01
547 575 41.29
959 958 40.14
575 731 18.77
769 473 38.05
409 385 23.44
201 169 37.75
456 661 0.56
833 53 49.62
146 347 25.52
765 855 8.26
276 97 46.12
293 538 28.07
725 967 40.44
409 923 2.74
647 399 2.57
971 505 33.37
838 55 13.62
536 710 21.8
214 75 26.79
967 773 19.38
880 629 43.47
111 28 26.51
237 975 32.06
445 353 44.99
425 750 42.18
827 71 43.52
113 342 45.12
298 775 6.28
333 962 35.23
600 953 46.23
190 818 8.35
402 810 27.5
136 612 40.43
595 237 5.67
209 53 23.94
106 877 11.05
591 199 29.76
224 478 17.58
182 243 49.92
167 401 8.98
503 894 39.93
596 878 24.83
50 477 19.8
988 177 41.49
780 450 9.87
754 591 16.34
753 710 20.62
151 984 49.9
3 887 36.06
232 836 46.63
344 337 26.36
852 176 34.41
343 446 48.93
803 896 32.45
603 128 46.35
175 260 39.23
350 91 26.27
886 957 45.29
327 286 10.69
237 926 10.42
444 760 21.82
774 485 31.4
432 124 27.28
707 737 14.03
981 223 0.04
816 267 3.11
419 87 7.58
340 7 14.73
391 827 30.18
864 841 8.01
684 831 20.55
549 586 27.74
413 718 5.66
786 659 44.84
160 688 46.96
300 742 19.12
164 972 16.93
652 210 7.62
19 524 18.54
820 669 42.16
264 21 18.73
545 929 1.89
82 358 39.17
546 353 10.1
319 829 45.01
927 826 39.6
801 127 47.53
482 685 17.91
572 367 37.39
857 241 31.47
917 188 43.38
809 403 38.12
756 533 15.41
268 783 8.34
666 165 12.0
227 605 28.7
283 113 29.41
685 615 15.55
629 238 43.92
30 535 2.94
935 998 49.44
160 51 36.51
346 153 9.37
45 475 24.11
3 446 5.89
929 63 14.8
838 233 9.69
508 282 0.17
828 268 10.27
398 27 5.81
629 512 40.21
761 545 16.05
198 346 46.88
538 748 2.31
772 192 11.53
128 385 3.89
319 851 38.75
899 404 40.01
872 325 39.06
109 724 13.82
658 42 3.63
188 164 2.27
852 488 22.6
773 590 10.44
524 224 28.39
282 448 5.43
405 84 0.68
949 472 32.87
834 137 2.63
858 129 8.49
560 612 26.78
576 926 18.33
431 383 14.75
672 668 3.83
89 706 26.81
996 841 2.14
361 108 26.47
329 177 7.79
597 425 10.11
765 789 19.25
996 802 3.93
513 827 32.56
0 107 18.47
543 483 44.99
413 118 46.37
404 998 33.34
615 634 10.18
527 799 25.28
152 744 15.47
544 51 37.24
487 585 38.78
329 634 8.91
761 795 31.52
576 317 22.82
531 771 48.54
826 360 7.2
493 722 14.37
369 983 31.74
544 122 21.22
351 826 18.68
784 976 10.19
712 194 6.47
235 273 21.17
995 987 18.91
8 326 7.44
609 218 10.53
209 482 48.45
396 575 28.3
544 816 7.53
369 49 0.07
421 463 21.88
518 694 32.98
597 440 28.94
996 722 28.49
28 524 26.67
293 92 46.49
388 224 35.19
590 694 27.73
507 66 23.78
702 308 12.43
633 218 40.38
869 937 23.01
494 844 30.39
533 679 10.84
624 251 7.7
92 677 49.63
979 437 43.73
80 328 43.48
846 827 19.66
505 589 3.57
556 343 42.78
889 786 35.6
840 805 10.54
711 114 19.6
879 972 14.81
47 311 4.6
777 164 14.47
547 344 33.58
736 232 16.54
365 58 8.07
472 83 45.07
698 945 47.61
125 996 41.77
696 14 46.56
87 115 34.83
919 943 29.75
96 491 30.21
68 100 8.66
484 504 25.11
577 549 42.09
751 248 14.51
422 7 8.68
482 140 10.08
139 710 3.7
687 837 15.06
306 570 29.55
184 537 0.38
257 156 7.25
147 725 4.61
430 535 46.21
216 513 34.95
256 545 27.41
12 249 17.06
504 265 31.61
942 664 20.13
571 118 19.74
659 122 43.83
27 841 30.0
261 588 2.91
393 492 41.56
982 485 12.49
936 436 42.45
3 782 12.64
197 143 41.26
370 196 40.29
177 509 41.26
796 394 44.59
621 753 38.14
91 666 16.82
596 479 23.15
300 763 33.45
252 877 19.65
982 169 39.15
573 139 4.18
761 401 26.91
935 717 12.98
848 19 3.81
872 717 10.99
166 689 14.76
868 331 3.06
36 756 30.72
170 15 46.74
177 716 44.73
941 643 31.54
344 678 6.91
496 779 22.41
837 237 18.99
144 390 23.85
111 419 0.06
582 636 6.96
151 654 27.97
482 551 3.81
247 534 4.71
792 852 12.02
788 987 40.24
214 169 18.07
348 208 46.18
363 606 39.54
704 92 29.94
706 206 4.69
123 414 30.05
996 908 33.21
336 926 35.79
873 960 3.08
95 145 37.3
639 346 36.83
600 515 8.06
201 75 14.94
453 179 27.78
161 0 25.68
676 492 12.38
157 432 38.03
155 184 27.32
981 731 39.02
994 453 22.02
98 979 7.6
108 306 36.08
889 228 4.61
653 336 42.38
190 764 42.43
700 474 8.36
49 77 8.62
370 87 24.28
843 768 4.94
81 629 16.55
673 258 26.64
798 573 34.9
32 153 47.74
487 795 24.47
950 829 44.19
773 13 17.91
743 457 30.85
883 929 7.76
397 520 7.58
212 169 36.68
335 138 6.92
256 751 21.46
474 294 8.3
159 875 6.93
482 560 33.86
884 842 27.59
978 170 16.92
67 854 38.0
111 300 37.02
858 682 7.84
760 957 44.75
323 445 13.9
600 945 5.54
960 924 49.1
762 267 24.05
893 721 8.35
308 538 19.77
626 624 1.97
716 317 10.14
598 878 40.01
861 600 19.53
228 675 25.08
531 615 21.27
849 54 37.06
738 608 35.15
931 565 40.23
874 547 44.53
547 884 42.44
69 202 15.93
588 10 36.22
791 627 48.55
353 593 3.76
165 651 3.02
874 173 21.42
230 306 6.52
711 177 4.23
420 899 6.36
307 879 37.9
491 146 45.04
929 870 3.76
561 678 7.73
458 875 12.22
172 798 47.48
477 627 21.4
766 358 24.42
5 84 30.64
916 649 2.34
142 553 3.3
706 885 30.71
360 173 38.88
264 396 0.12
114 908 32.54
712 567 46.65
847 663 29.18
645 291 44.52
196 230 49.71
956 445 16.15
423 485 39.9
542 207 6.2
225 89 15.8
860 842 9.12
669 410 5.15
513 852 9.96
94 777 11.35
3 657 44.58
44 400 4.98
370 100 8.67
71 23 28.15
599 221 44.36
554 90 28.44
526 417 9.82
833 405 22.61
676 694 39.53
394 51 25.04
384 542 32.87
557 73 13.94
683 836 32.12
302 837 38.4
728 888 8.61
209 295 32.2
534 776 28.35
308 321 32.19
334 737 45.03
259 516 11.44
587 706 26.09
167 564 10.2
72 684 14.9
799 353 9.08
900 380 27.84
787 194 22.78
328 53 5.16
379 857 11.06
198 625 34.31
84 987 48.71
460 319 17.01
554 911 17.68
31 83 4.54
679 524 32.72
672 818 30.93
794 669 36.6
418 52 30.6
400 542 2.0
913 123 34.87
911 589 5.1
251 896 2.1
909 627 40.28
74 515 47.01
173 659 26.05
432 329 48.23
849 440 10.07
18 877 27.14
253 993 7.52
705 628 26.56
532 859 32.94
766 407 16.64
303 587 37.99
778 765 48.91
756 929 40.35
467 819 16.34
449 777 42.94
879 792 9.17
394 70 25.38
777 501 49.98
863 777 26.42
994 283 38.08
482 779 42.84
42 667 43.61
748 411 39.0
393 628 15.44
630 779 0.21
258 261 13.98
996 289 4.91
537 391 34.81
611 35 11.96
885 701 46.99
18 672 14.3
982 141 6.59
764 363 16.49
287 853 43.53
892 769 25.59
28 208 9.84
520 399 4.45
629 489 17.95
503 462 21.58
961 389 40.66
442 873 44.16
947 259 38.54
989 180 9.59
648 196 26.01
551 340 25.94
607 700 35.13
685 82 43.82
479 705 34.52
666 26 10.3
491 329 11.61
706 182 10.89
185 342 28.25
122 157 26.63
302 251 13.43
42 416 31.78
987 261 11.7
474 801 32.28
595 868 12.96
490 425 47.16
663 399 4.02
607 496 37.65
936 379 6.37
250 733 17.78
629 842 46.32
534 440 28.98
888 808 25.24
311 602 32.32
696 581 13.71
205 712 32.18
541 487 25.31
287 365 28.03
390 890 6.66
288 633 29.45
41 377 11.05
157 694 40.57
283 499 13.1
613 166 41.98
803 353 39.01
783 128 22.5
603 604 30.15
511 923 38.33
510 345 27.76
888 327 4.16
619 846 13.15
882 664 49.5
440 172 10.8
501 116 3.49
743 604 11.43
124 345 3.23
876 756 48.36
339 730 3.75
44 121 13.17
201 905 2.9
494 972 26.28
686 196 30.39
862 367 33.55
197 897 38.53
365 647 32.88
675 659 21.35
505 89 43.6
437 557 30.3
403 910 17.07
118 139 46.88
267 449 49.11
686 430 17.07
558 933 43.6
715 990 48.09
488 585 41.76
355 327 15.23
626 29 23.7
280 718 25.55
860 692 6.97
450 939 35.53
867 26 11.98
512 263 21.88
692 869 35.66
423 732 8.12
894 14 22.85
464 34 4.89
556 766 49.37
544 299 32.37
677 649 20.0
177 34 10.82
460 289 49.05
733 404 43.77
227 529 43.66
607 611 4.63
517 121 5.65
465 35 7.47
663 946 31.49
499 899 35.03
414 696 26.51
722 156 49.01
317 520 17.66
529 878 0.34
220 321 38.91
795 639 20.56
961 861 34.52
886 261 16.19
387 22 47.39
441 368 4.42
713 59 33.83
350 155 22.04
854 906 21.43
16 402 9.43
384 381 3.58
182 91 18.14
20 359 43.03
30 359 13.33
251 734 36.81
282 887 42.43
768 888 26.57
253 105 17.2
783 511 21.52
831 626 9.48
903 183 36.44
852 434 40.07
249 381 32.82
417 501 46.07
22 719 39.94
663 471 44.7
35 960 21.6
205 461 20.4
688 186 45.67
425 480 47.69
540 379 5.94
383 162 24.6
819 427 40.24
944 936 29.83
760 546 34.29
44 240 32.53
50 164 48.27
376 538 25.01
562 46 1.81
432 561 17.47
619 719 3.62
94 609 28.49
233 746 13.98
592 944 26.81
538 24 31.87
93 262 27.84
271 16 3.64
192 854 23.18
419 993 6.78
219 557 22.38
458 716 20.69
69 120 14.31
611 556 6.0
460 599 9.49
398 487 25.68
739 358 5.97
655 732 3.63
597 696 28.51
784 452 31.46
615 124 25.16
346 258 49.9
41 994 15.61
716 333 49.02
741 908 23.14
330 459 0.61
791 725 6.82
274 897 30.36
314 992 21.56
888 642 18.14
469 439 24.78
626 93 47.76
768 899 5.65
436 894 41.56
314 213 37.02
210 338 21.71
848 632 2.85
853 444 13.67
683 905 19.72
766 164 11.93
238 633 25.75
798 343 43.16
907 740 24.69
240 191 5.82
429 167 29.18
982 397 45.6
256 903 38.21
787 545 32.65
22 38 8.26
602 762 19.35
196 113 15.09
650 635 32.78
709 997 32.44
172 725 35.76
57 218 10.45
85 645 29.29
862 832 13.17
993 945 44.24
139 514 41.38
529 337 6.88
711 359 15.46
453 872 31.32
934 974 43.55
234 993 36.63
188 167 2.33
893 44 8.29
495 302 11.21
662 664 21.46
232 145 35.95
886 0 18.37
74 351 14.28
704 857 33.19
321 536 4.48
211 31 35.77
964 593 17.7
957 405 19.62
916 175 5.95
761 163 40.94
986 640 40.92
530 495 22.27
700 287 33.24
461 679 19.2
431 767 7.5
130 187 8.3
558 780 16.6
499 837 42.37
425 439 47.64
652 833 32.29
799 784 42.52
265 807 5.31
364 3 28.86
786 910 6.3
930 374 30.52
793 33 2.11
836 327 2.45
25 507 18.9
790 423 11.85
425 4 38.94
582 219 15.86
943 931 6.67
670 639 16.35
893 795 43.03
15 523 3.91
23 112 43.81
46 704 36.63
642 585 40.05
442 425 33.73
486 821 28.33
387 836 0.85
445 848 34.27
44 808 41.4
849 941 5.47
738 271 48.19
865 98 38.67
571 843 10.32
468 897 31.92
847 322 13.28
107 755 14.57
162 235 4.01
483 804 46.38
455 191 38.76
105 828 42.82
374 491 28.7
443 490 24.96
958 107 47.19
133 936 11.12
595 46 13.1
809 812 12.25
321 318 16.38
117 954 14.57
846 126 5.91
905 988 31.2
827 708 14.61
790 604 28.95
459 446 3.46
511 526 37.88
315 15 14.57
675 897 28.95
992 360 32.84
392 156 49.26
747 201 17.6
217 850 35.72
559 519 28.17
801 320 34.84
801 301 32.03
165 964 40.99
71 773 0.21
702 149 25.59
833 102 12.21
540 543 17.18
779 293 11.99
323 518 5.84
904 845 27.09
489 55 35.72
632 561 35.69
421 772 16.57
946 918 39.78
577 894 28.0
322 772 28.45
185 83 10.88
556 203 42.13
410 799 36.15
726 768 27.22
83 116 14.94
858 823 0.65
238 428 13.15
9 648 25.58
407 747 10.23
576 891 32.84
779 151 44.31
78 574 7.37
419 625 15.5
460 179 45.27
270 212 24.83
659 980 25.24
369 330 9.07
777 185 27.41
994 428 40.28
916 294 23.89
880 80 45.02
924 472 7.66
453 602 9.85
941 670 21.09
860 798 28.91
562 809 40.52
842 449 14.2
50 550 21.35
544 341 31.44
87 160 6.27
983 491 42.57
842 80 0.2
714 968 30.84
384 351 17.29
231 226 6.32
199 440 9.0
998 266 37.32
192 753 37.21
759 826 28.26
775 864 13.3
984 854 15.42
750 455 32.09
789 484 30.06
325 185 39.63
21 733 32.54
268 101 34.88
459 876 2.11
543 344 18.64
178 947 24.45
497 964 17.22
864 59 3.07
281 886 24.68
659 362 31.26
751 209 24.97
214 524 48.58
591 989 24.51
972 4 19.38
556 324 46.47
748 665 11.25
230 393 10.43
675 932 18.15
444 321 44.87
428 550 16.42
466 443 5.38
811 204 11.59
228 985 48.6
780 676 30.88
256 783 40.33
105 327 38.9
784 817 6.38
497 943 4.06
621 350 16.63
273 216 19.34
468 73 25.65
790 656 33.68
756 812 28.44
489 56 29.89
326 796 25.95
257 714 40.61
19 146 33.03
628 450 26.5
273 110 1.17
525 568 49.85
254 354 12.24
651 656 47.13
560 171 37.29
489 531 35.72
94 353 18.12
559 245 23.34
254 208 14.25
769 658 7.49
78 513 25.04
730 112 30.55
354 103 34.46
475 909 22.89
108 638 17.58
177 186 47.9
651 125 20.44
570 924 46.75
692 442 22.89
471 975 36.19
651 178 19.02
828 563 19.11
891 624 0.71
443 153 26.1
785 18 7.81
756 357 15.75
76 505 12.62
672 803 23.07
999 143 37.48
168 803 8.22
661 336 11.49
562 374 22.38
460 75 6.69
396 656 23.32
394 888 4.36
439 926 41.32
787 298 29.41
876 783 14.96
104 884 4.62
618 541 37.03
8 621 16.52
453 858 23.47
370 198 1.8
728 429 41.65
569 472 6.46
836 412 10.1
646 903 39.78
406 34 8.71
369 532 41.9
732 328 16.83
241 684 6.75
816 268 27.13
246 452 1.89
979 471 14.34
173 502 2.72
594 288 21.84
931 186 11.82
17 352 12.93
954 151 22.45
190 442 15.53
582 458 25.75
960 396 28.0
852 525 43.89
587 485 6.75
835 35 29.92
271 533 14.03
483 930 35.52
517 511 29.4
8 234 45.84
986 838 48.62
469 491 17.55
83 641 18.84
26 481 2.25
711 616 1.02
423 329 36.41
496 118 18.67
742 459 29.36
881 327 47.29
308 103 32.75
296 33 20.06
623 290 28.71
965 724 23.74
817 776 28.77
321 284 33.25
331 529 32.6
184 931 34.53
826 102 3.62
503 65 13.35
590 530 28.43
469 790 41.71
613 219 38.51
101 484 24.81
732 480 35.43
539 631 28.51
734 954 25.28
162 454 41.86
722 228 34.28
436 617 39.25
240 45 45.01
785 354 44.36
524 867 11.93
373 214 11.62
129 776 35.57
54 571 31.11
615 894 47.2
572 537 29.78
126 340 29.55
535 83 35.32
976 24 24.6
932 661 38.85
618 260 6.57
984 501 39.17
594 27 26.65
122 747 24.47
98 650 16.27
237 2 47.09
347 49 17.36
963 319 22.88
507 393 41.14
186 759 39.88
535 166 42.18
123 418 40.1
601 516 30.41
781 996 44.13
394 252 31.96
462 624 20.94
680 709 49.18
82 357 14.08
225 228 11.2
513 139 21.14
974 439 48.99
853 164 35.54
336 659 23.25
553 909 48.47
910 27 28.94
418 364 23.8
565 138 47.77
873 889 1.17
551 951 0.21
746 51 47.9
888 401 44.45
136 798 28.05
776 807 44.5
486 282 47.64
664 529 28.49
332 315 17.0
977 824 32.35
364 120 1.86
535 721 13.6
187 284 9.59
983 299 30.31
937 377 34.35
496 749 31.05
860 893 28.63
894 883 32.67
889 22 31.43
330 160 20.22
819 103 47.88
538 315 37.27
473 747 41.47
828 326 17.1
1 853 19.97
294 369 42.91
69 866 8.89
603 565 29.33
135 123 29.59
803 716 6.01
992 375 35.89
342 100 11.58
936 465 38.27
758 189 36.01
404 52 26.86
616 704 33.01
57 312 43.89
162 360 47.93
782 756 25.82
662 962 37.03
398 171 34.49
773 326 35.7
803 106 23.23
915 909 36.49
531 538 10.76
839 935 20.89
105 971 11.54
430 544 31.51
40 47 47.89
342 598 49.86
766 96 29.84
211 511 38.66
922 360 38.44
637 987 44.58
714 765 36.01
534 468 21.93
715 94 13.63
321 566 39.1
849 709 38.72
284 537 44.92
730 796 13.19
414 500 13.8
46 986 1.32
857 201 7.14
689 397 36.94
656 854 33.21
775 32 21.72
554 15 9.33
935 732 29.59
917 591 28.55
833 399 37.75
531 590 7.05
855 370 11.35
800 489 40.53
23 84 26.89
521 734 24.8
830 234 29.73
133 87 0.89
942 57 31.92
256 604 15.23
416 383 19.97
491 787 43.49
642 199 6.32
573 810 10.36
243 3 24.55
524 944 48.17
33 794 35.97
788 273 24.62
465 705 34.29
870 881 33.33
23 51 6.0
17 493 31.5
881 411 26.3
285 887 25.47
751 599 44.28
155 592 48.7
678 684 36.55
645 750 46.53
136 54 35.53
291 989 28.5
988 70 17.08
4 447 22.35
316 788 12.42
833 470 13.23
737 740 40.76
101 382 28.08
817 650 42.67
910 398 27.73
953 808 28.58
997 245 48.83
299 164 43.58
466 118 43.41
697 437 37.37
864 142 46.46
607 916 17.86
598 131 11.01
988 413 7.93
908 596 35.66
97 637 17.38
970 309 21.62
376 347 36.53
36 450 35.39
549 177 3.54
103 104 17.97
464 785 44.66
357 601 23.77
49 874 35.98
997 542 40.65
330 306 35.04
739 4 37.35
792 571 33.36
190 346 6.34
506 152 33.83
724 855 18.09
440 894 12.7
543 725 27.43
44 37 31.9
259 338 23.83
444 175 26.36
965 788 45.4
53 101 0.27
37 50 30.55
553 279 27.9
228 303 12.25
506 114 17.46
6 208 17.35
988 592 10.93
257 418 17.27
182 382 8.94
313 791 27.32
168 767 18.54
135 579 11.29
850 57 40.25
492 636 3.71
286 265 1.34
432 701 36.47
997 113 25.4
515 27 37.79
535 746 48.08
911 558 23.6
385 577 15.24
490 182 18.32
664 149 16.63
448 703 28.78
564 236 3.38
756 887 25.27
173 347 36.83
504 581 15.32
921 397 42.66
647 818 29.06
43 560 47.16
90 705 19.87
341 413 1.5
304 143 20.38
199 559 6.12
779 253 31.86
404 440 29.58
945 555 14.42
164 256 25.41
633 493 36.72
548 784 35.96
553 927 36.18
951 664 34.51
950 578 35.39
8 191 45.59
572 206 5.49
885 441 48.68
609 480 15.34
85 976 12.47
190 867 3.47
450 421 25.01
821 624 10.89
656 389 30.34
507 304 14.25
987 550 3.52
735 142 2.92
308 177 44.11
577 71 48.34
573 487 42.92
483 851 20.73
671 222 27.94
67 979 16.76
123 923 23.14
607 346 21.19
542 783 8.35
798 111 37.2
658 28 49.1
5 831 32.94
851 359 22.97
711 612 16.25
591 949 2.88
468 266 15.79
389 391 18.47
338 278 14.16
670 456 3.8
30 279 48.05
119 419 3.36
644 679 11.01
692 927 48.59
818 881 16.9
318 845 34.08
57 474 5.78
902 862 15.98
963 73 49.66
551 399 25.01
270 848 42.27
127 294 33.13
558 770 35.92
46 36 36.03
102 549 18.24
172 426 13.12
416 335 3.54
983 422 3.1
719 851 46.87
914 901 35.81
212 147 23.32
63 872 40.5
822 228 1.81
574 329 6.56
240 103 30.45
43 684 5.25
310 196 39.89
659 432 39.84
207 118 12.58
798 421 27.36
260 243 7.85
62 710 27.35
711 819 27.51
125 654 2.11
332 116 12.78
308 656 25.36
456 40 7.83
61 103 13.01
538 117 7.59
578 648 13.28
950 167 35.3
992 479 47.37
755 500 45.09
918 630 12.64
119 29 6.33
732 202 35.97
236 891 32.29
277 970 21.43
222 404 23.2
420 209 44.8
3 5 21.55
721 623 31.66
950 441 21.49
498 164 36.73
587 101 18.04
530 952 3.7
685 562 20.98
539 337 12.02
864 50 12.37
406 127 16.81
495 130 24.34
288 733 17.55
478 751 14.8
174 92 16.92
453 631 27.68
174 878 0.01
682 979 21.44
937 274 15.53
390 67 30.07
961 766 22.34
215 582 42.56
552 225 4.1
102 287 49.69
729 789 15.19
362 293 43.79
165 323 4.31
658 340 10.94
903 512 26.46
562 206 30.52
203 555 42.19
984 839 42.16
971 476 11.45
550 139 13.85
519 349 42.23
974 427 49.86
323 130 16.64
124 526 33.83
668 58 25.98
152 338 44.07
859 677 32.01
841 690 20.1
624 469 33.74
682 454 4.08
535 271 7.82
416 104 26.38
790 481 5.94
897 899 1.87
444 787 34.29
694 28 2.38
827 984 8.85
57 363 21.16
135 772 24.99
479 408 47.39
397 188 1.51
55 983 22.03
532 443 7.32
345 262 1.72
798 305 3.65
192 524 13.97
279 939 35.85
591 626 45.12
165 296 36.6
911 59 12.51
270 96 6.89
39 493 33.5
212 781 21.68
930 446 17.06
836 643 15.04
92 721 18.03
177 929 33.24
453 865 10.31
189 358 5.09
28 235 2.9
49 903 15.9
324 805 41.68
120 5 35.11
10 451 10.86
303 841 38.04
708 790 20.2
167 922 28.97
683 661 37.83
209 203 16.11
713 38 4.4
944 536 9.22
411 978 40.62
434 686 6.84
856 830 39.5
943 880 13.54
24 166 14.19
312 478 26.93
438 187 4.42
305 101 10.66
86 564 27.38
318 476 22.26
350 381 44.09
969 42 44.03
120 812 48.51
594 459 21.23
62 792 24.43
197 690 44.07
301 331 4.98
663 686 19.27
754 671 10.48
593 718 12.34
311 162 32.99
451 55 4.1
526 739 30.17
89 426 43.43
244 980 36.7
945 672 43.82
367 192 49.05
443 896 12.85
728 924 37.94
135 501 22.35
274 847 43.6
450 906 21.85
896 819 10.68
264 671 19.42
498 251 23.39
443 67 2.37
160 933 6.53
522 561 44.47
901 72 14.7
282 549 48.04
581 684 40.31
481 758 46.77
166 934 30.84
621 331 49.46
858 826 17.05
720 48 36.11
483 449 16.9
791 216 24.65
838 995 44.48
286 393 11.34
288 123 19.07
901 29 47.94
635 56 37.39
357 909 6.1
17 295 41.18
627 950 43.21
495 884 32.74
796 333 24.05
348 400 13.86
743 188 19.65
903 817 47.09
342 5 47.96
299 207 13.72
156 171 41.01
949 810 20.25
895 310 19.87
716 183 33.01
471 429 31.54
56 98 1.55
245 971 1.87
156 907 12.28
764 348 34.58
588 715 47.74
99 894 39.46
295 509 11.34
873 515 1.93
805 991 13.88
639 659 12.24
881 952 6.14
673 636 5.03
943 249 31.28
357 75 18.84
743 702 11.85
825 418 21.08
728 292 28.88
688 482 5.73
309 634 44.71
142 720 10.09
763 82 16.92
775 665 12.03
963 975 11.02
301 437 14.59
765 275 14.75
693 925 19.77
102 546 47.96
979 800 15.27
454 419 21.72
359 217 42.26
28 757 49.6
633 654 46.14
728 843 21.56
36 789 26.33
503 97 47.85
892 184 40.88
319 397 12.96
816 651 45.41
534 297 33.85
720 282 6.99
46 765 47.76
407 942 47.1
4 695 12.34
137 319 31.63
460 276 34.82
686 384 42.46
374 950 7.54
877 719 32.55
60 549 14.41
177 940 35.69
921 168 36.47
447 127 22.86
946 843 25.08
853 11 19.41
24 744 28.04
876 472 21.23
732 512 47.57
831 810 23.31
466 144 28.6
561 156 1.46
678 23 22.94
866 42 16.16
737 644 47.44
259 192 37.77
476 410 4.36
292 438 24.18
458 492 7.98
100 676 14.86
114 211 14.72
785 503 40.63
355 501 32.89
459 284 34.1
830 517 44.57
341 490 14.59
871 248 4.16
348 18 9.87
588 491 37.56
989 544 18.98
691 944 1.23
298 560 12.43
328 559 22.76
790 563 10.53
28 39 33.11
420 994 26.35
654 868 16.17
995 975 6.97
582 616 42.86
452 641 5.82
620 692 25.8
634 109 19.01
917 293 25.07
864 855 20.9
270 377 7.51
750 345 37.44
334 337 9.9
524 809 1.12
32 151 31.06
837 933 37.96
990 759 29.23
293 271 45.32
7 327 28.59
11 602 28.93
801 152 43.55
991 444 29.26
78 124 9.96
628 765 29.82
19 880 20.09
279 196 4.95
204 433 42.14
957 454 30.43
769 536 15.78
24 264 47.96
4 600 2.12
427 466 43.71
664 708 30.65
857 227 21.99
291 67 25.44
1 561 27.26
220 366 10.2
612 952 41.77
453 718 34.99
45 7 11.28
577 208 37.31
831 977 28.59
447 994 47.01
666 255 33.11
972 173 17.27
967 136 14.58
45 338 13.97
758 266 41.14
218 503 21.53
686 336 14.93
659 753 26.4
477 780 43.17
887 681 18.68
931 107 49.4
975 465 8.1
244 414 36.99
319 870 33.28
298 229 7.04
789 701 2.01
806 427 23.42
992 815 36.07
271 887 10.63
745 535 6.16
368 766 14.32
5 856 31.21
958 436 49.7
840 177 31.8
376 250 11.04
402 690 18.96
69 382 13.67
502 910 18.35
512 64 40.75
150 665 24.6
847 200 19.01
352 554 2.12
543 187 0.99
283 839 46.92
601 245 36.85
106 837 48.49
152 782 25.08
567 206 42.07
112 79 40.0
777 298 19.52
824 195 43.64
894 305 21.09
208 824 0.87
457 709 11.65
436 765 29.84
260 867 2.03
510 516 34.08
438 104 10.51
383 551 28.64
791 325 19.83
918 700 40.51
359 156 22.38
262 186 32.62
562 434 9.92
484 786 21.32
695 209 29.81
129 934 43.73
494 482 43.8
943 862 28.36
709 471 10.9
747 913 7.13
623 7 2.67
841 335 24.26
708 638 36.29
458 400 24.83
293 441 33.5
111 885 14.64
899 377 25.59
476 724 46.82
147 45 47.05
110 722 10.38
716 946 44.69
557 400 25.09
6 684 16.04
810 96 3.31
332 620 28.21
306 854 21.34
475 921 8.32
224 329 2.5
0 353 37.47
190 553 49.18
285 631 22.8
404 912 23.75
549 539 16.64
783 691 16.5
771 503 47.15
339 328 4.46
678 86 22.4
537 351 46.43
592 525 18.74
402 219 28.33
305 436 14.57
320 104 17.6
920 115 32.7
547 76 7.09
962 679 8.2
722 911 27.14
936 460 3.52
566 661 28.68
437 290 49.53
538 720 42.15
238 497 49.29
61 520 44.09
79 151 41.25
21 709 18.05
20 622 29.86
629 440 27.36
885 448 4.59
439 528 24.46
448 733 32.9
387 560 5.84
858 777 28.51
518 83 32.17
614 353 14.41
499 931 20.19
348 644 18.69
653 730 26.84
266 11 12.5
138 649 36.36
615 746 21.48
497 135 27.78
578 239 15.94
660 191 43.94
159 792 10.56
79 557 2.71
377 983 31.39
774 751 38.11
112 807 36.38
818 797 31.72
533 205 5.89
420 706 44.62
545 953 1.32
968 931 36.34
721 380 23.29
476 802 35.42
197 424 1.96
760 568 41.27
534 131 10.72
174 208 34.46
45 640 18.4
342 855 43.04
173 496 44.18
654 28 4.4
782 593 20.54
562 283 10.2
124 346 1.95
347 0 44.52
250 429 4.3
97 137 49.65
487 581 30.2
570 734 28.93
309 63 30.22
855 682 14.8
732 674 0.16
325 728 24.79
883 945 16.78
449 136 0.2
287 437 17.62
723 113 19.77
962 5 36.14
787 494 5.83
109 783 9.55
687 484 41.18
413 702 35.46
899 247 43.11
873 908 13.0
662 802 45.02
481 726 15.37
555 277 17.22
744 917 4.11
501 270 15.82
427 337 9.43
985 403 32.76
248 589 17.24
279 996 30.54
791 816 21.19
121 11 32.39
572 80 17.05
426 93 2.41
610 70 37.61
144 607 40.42
456 542 48.69
11 467 33.01
648 589 0.4
483 203 46.05
466 483 3.76
468 234 13.34
461 121 29.17
429 536 23.18
878 994 2.32
484 924 27.32
815 699 2.91
835 449 46.54
609 380 3.49
734 923 23.49
625 438 18.66
986 505 25.96
774 636 20.08
255 538 33.16
184 612 8.82
527 258 43.67
723 101 24.63
84 4 25.93
369 672 11.16
181 910 41.39
11 801 47.37
825 762 5.88
889 773 47.78
209 89 17.03
636 707 28.58
546 584 14.21
26 229 32.22
752 908 2.85
634 638 0.62
908 903 16.66
707 410 35.83
295 842 9.88
369 619 37.36
676 171 16.56
640 96 7.74
97 398 35.42
854 813 21.07
934 917 46.84
765 135 4.53
443 914 43.47
190 967 39.73
870 529 6.74
646 268 48.74
586 433 39.86
52 515 39.6
385 329 21.63
520 656 47.58
947 869 26.94
902 988 21.06
972 391 16.71
744 439 15.9
881 560 34.62
383 332 27.74
483 182 7.95
347 297 9.69
778 453 37.65
341 614 41.71
44 35 39.17
353 831 30.84
100 188 9.84
950 529 1.63
864 206 42.95
659 992 47.12
364 786 2.98
227 229 17.09
614 931 15.33
590 935 11.27
232 77 28.79
99 723 5.56
748 234 17.35
787 888 28.66
766 286 22.58
515 129 21.1
859 135 16.63
962 224 17.9
979 599 36.58
649 619 27.84
448 702 42.76
657 217 27.67
196 674 36.17
296 867 29.67
262 984 29.01
404 685 21.58
397 273 48.03
181 852 20.78
131 264 12.59
271 606 28.72
90 529 17.91
141 295 17.37
234 785 19.51
321 962 6.32
884 352 1.88
752 965 18.79
944 797 46.1
260 743 12.95
143 689 23.78
627 887 42.97
351 895 43.61
874 707 33.16
738 164 13.34
205 608 34.49
609 864 11.08
423 849 12.37
153 61 27.27
620 76 40.1
681 92 41.29
86 819 26.56
418 620 7.75
677 254 37.83
549 429 40.74
317 370 29.92
416 126 48.74
435 991 43.51
713 756 38.71
376 179 22.73
744 620 26.05
692 634 6.52
937 6 5.57
947 431 5.47
919 938 10.13
435 521 16.8
442 555 5.35
244 729 47.36
57 304 42.93
862 312 7.68
712 512 20.49
654 851 10.25
547 3 22.93
760 768 1.61
360 925 48.68
589 344 31.07
473 660 4.61
431 173 8.35
207 615 34.74
8 275 28.81
783 590 31.48
590 232 47.71
377 886 12.62
825 477 14.15
731 988 33.96
843 652 31.41
986 943 45.19
134 954 42.78
568 168 36.2
993 772 1.09
974 386 12.14
83 435 15.56
980 708 28.1
494 890 32.08
963 844 8.45
909 916 41.38
170 859 21.7
461 344 25.04
510 941 28.98
47 535 41.17
375 799 23.23
396 498 19.88
337 537 26.48
991 326 33.64
208 556 14.76
678 153 29.28
226 451 43.53
641 484 6.31
633 403 2.01
153 968 1.11
958 228 30.93
514 283 37.46
710 695 47.17
400 578 32.05
985 719 27.81
341 750 47.49
677 106 18.2
73 513 16.82
54 15 41.08
232 167 20.35
121 816 48.54
16 335 30.22
4 503 24.58
695 402 48.47
720 930 13.75
944 952 1.37
159 304 20.38
815 831 16.97
61 67 43.89
176 541 2.46
506 149 37.65
355 579 5.49
141 349 3.23
779 514 36.37
970 361 6.68
129 815 48.43
981 379 31.15
573 768 20.32
477 174 8.23
781 845 6.9
265 72 0.68
924 258 25.2
133 839 41.03
708 577 18.32
502 126 13.62
899 706 42.41
41 431 2.46
105 117 1.85
655 503 13.8
664 724 13.08
948 927 20.2
634 644 10.52
419 670 12.2
966 770 16.53
195 914 35.09
204 471 33.44
348 662 30.6
611 893 27.56
642 275 47.73
497 169 13.78
97 529 32.57
403 649 14.83
846 700 4.26
448 933 11.0
972 385 23.31
698 960 14.56
580 856 8.7
692 422 48.01
291 649 12.24
284 757 26.99
927 985 12.41
554 454 46.65
858 924 44.8
311 146 44.91
85 833 43.05
735 574 17.36
6 427 22.47
638 441 36.39
50 844 48.38
462 739 31.17
506 346 42.31
975 710 16.42
794 180 42.63
349 982 15.09
909 195 0.12
350 914 4.27
642 859 5.54
960 442 24.04
281 985 13.57
935 72 26.43
974 788 46.81
548 441 5.13
413 317 34.28
878 419 36.94
35 993 11.16
749 103 32.82
51 403 30.31
465 253 39.89
430 956 11.73
671 564 5.45
609 181 32.92
380 649 10.98
163 393 41.86
487 844 6.77
875 694 4.19
851 361 27.9
261 42 28.21
66 962 48.13
182 559 44.3
290 807 31.41
315 857 0.16
987 128 19.66
934 348 20.02
495 750 1.84
24 944 13.3
433 255 41.3
919 271 8.32
310 681 47.96
625 747 27.25
742 548 16.95
743 474 11.48
179 346 17.93
579 572 0.4
160 648 7.69
793 401 12.78
258 548 4.24
737 44 26.83
946 102 2.13
667 812 4.12
265 1 27.34
505 216 3.09
619 457 25.05
416 576 29.48
628 379 44.98
662 33 25.06
509 794 37.35
125 94 0.81
407 54 46.8
94 833 27.53
453 76 43.3
231 210 5.16
190 459 6.3
421 932 41.74
385 706 33.35
282 500 34.54
975 653 24.71
207 955 8.56
180 495 3.39
490 281 32.45
230 727 13.9
329 410 47.52
884 365 3.6
597 458 13.6
623 387 27.76
224 82 44.36
484 542 32.99
446 490 25.6
663 939 14.33
255 742 32.31
128 76 7.68
43 76 34.21
754 731 23.06
692 650 4.79
63 675 43.9
143 417 26.09
780 668 14.3
523 854 9.76
83 637 8.99
239 549 35.38
659 290 30.78
368 606 38.34
882 573 6.19
16 883 13.19
995 245 2.86
599 301 32.96
144 540 21.63
366 275 21.35
552 426 22.32
527 604 2.74
785 605 24.18
38 18 44.38
687 67 31.73
674 839 46.2
346 892 21.65
716 696 26.24
332 114 38.92
445 167 44.16
472 57 39.07
836 594 0.59
628 377 28.6
958 287 47.87
143 265 47.41
4 210 46.21
659 748 5.84
448 474 0.11
643 477 33.44
247 713 11.42
990 524 18.34
639 218 39.54
274 240 14.33
154 395 13.92
169 308 17.06
401 698 0.87
518 340 12.42
194 42 35.15
224 230 27.41
210 757 36.13
430 356 18.85
825 190 15.41
503 788 44.68
878 978 36.63
594 417 18.72
104 102 46.06
35 738 12.23
609 761 6.6
163 341 49.27
585 903 43.27
971 42 21.44
645 524 31.98
402 49 12.54
465 549 23.7
757 982 9.51
494 380 29.94
509 278 28.5
140 859 38.79
36 9 10.14
880 877 1.04
279 392 15.18
647 377 22.24
485 93 30.37
993 961 19.63
829 783 24.3
622 788 2.54
68 413 24.84
316 929 11.35
636 312 22.95
974 662 2.37
574 795 42.6
454 754 45.82
40 844 2.57
683 961 9.78
119 346 34.37
595 221 35.4
878 110 9.41
650 287 17.92
132 612 20.24
624 373 43.36
562 25 2.7
647 963 43.12
258 604 30.6
226 389 17.33
745 422 9.68
751 960 43.21
997 926 26.22
374 833 8.72
982 400 20.78
897 174 20.35
310 155 41.52
312 148 34.68
826 846 47.17
896 88 16.31
377 658 12.84
380 284 45.3
679 630 15.95
609 470 27.77
911 564 40.29
108 348 17.82
986 112 49.29
301 991 11.48
86 982 46.43
86 505 47.81
952 671 49.42
121 479 28.39
667 218 26.28
189 398 26.43
46 20 7.09
120 48 17.77
338 947 3.28
310 302 2.73
449 812 35.33
800 892 1.93
992 658 40.27
390 9 49.09
909 872 3.2
733 758 21.01
105 115 30.35
897 444 38.09
774 226 7.17
900 992 38.77
881 592 11.42
180 921 27.99
913 798 30.39
392 990 22.55
541 771 10.82
539 129 16.21
354 542 2.51
424 336 13.36
707 527 39.15
619 920 33.05
958 155 35.31
654 187 14.33
981 423 14.57
72 425 10.06
945 90 21.7
287 343 38.33
737 549 11.62
231 261 20.31
697 611 48.44
849 513 18.21
675 891 41.0
141 751 49.96
377 539 35.18
23 978 45.26
687 572 29.17
157 553 23.33
85 826 25.07
942 573 14.49
19 251 29.32
180 287 15.94
491 309 14.52
187 380 17.26
539 33 7.6
183 194 2.64
895 956 22.53
593 602 34.8
122 67 11.1
122 117 0.47
206 852 11.99
774 825 48.32
606 113 36.39
818 859 28.11
179 157 38.47
678 108 44.11
428 310 30.31
420 471 16.79
187 11 13.84
878 934 4.36
471 334 16.7
299 657 19.42
620 81 35.31
538 464 37.11
756 498 5.69
548 582 27.75
761 472 42.16
406 374 11.1
103 293 4.38
4 687 19.49
854 499 25.8
383 706 23.82
622 641 10.48
960 600 20.06
434 654 30.41
690 646 43.66
149 394 32.74
147 682 25.91
551 569 44.75
858 637 29.39
455 473 44.63
386 168 49.17
58 272 47.56
917 121 42.89
923 433 40.31
50 109 5.44
808 741 31.85
984 677 33.28
203 892 24.24
184 811 29.59
390 883 45.85
285 515 33.53
453 133 28.41
55 60 16.4
95 853 0.63
899 238 22.59
837 575 13.58
564 532 45.73
209 444 7.25
381 801 19.06
128 164 23.62
716 252 14.22
488 563 18.59
880 622 34.67
434 862 24.27
148 215 8.23
672 965 13.47
457 718 28.32
256 585 20.19
815 808 14.87
518 268 23.42
508 606 14.08
485 509 7.04
826 649 30.87
575 611 14.64
949 319 38.94
416 71 27.19
882 453 41.33
734 12 0.4
273 748 8.64
43 960 10.75
356 54 2.86
961 818 21.63
349 815 2.43
132 979 45.72
371 246 28.15
275 39 45.83
821 779 29.92
967 187 33.84
964 416 31.77
178 742 46.99
253 106 46.15
41 186 0.9
101 615 8.89
458 529 41.75
274 824 2.84
470 810 43.17
40 38 31.9
631 619 19.53
369 853 26.93
859 766 3.73
939 341 11.65
319 214 16.67
366 198 29.59
540 672 35.2
667 697 33.14
388 381 47.52
109 44 11.51
421 100 17.88
467 835 37.58
517 402 17.45
244 377 42.85
307 995 14.59
113 919 35.42
132 959 5.56
126 697 8.7
356 816 6.36
576 966 47.44
256 824 17.38
23 718 23.19
226 797 15.19
757 155 33.54
508 847 20.02
742 474 28.34
531 806 33.05
998 937 31.09
565 374 35.3
77 176 5.75
963 140 38.38
621 66 37.66
383 567 28.16
34 603 42.0
599 82 44.13
121 361 35.03
831 590 40.94
361 188 1.22
810 282 33.8
276 183 14.15
930 181 35.88
790 767 20.39
331 463 4.35
732 272 23.0
403 165 21.33
182 845 6.01
220 68 47.5
470 207 22.07
736 107 49.09
22 130 22.62
444 403 13.28
349 917 44.46
557 664 33.35
362 584 26.78
389 470 12.41
191 445 20.09
198 926 3.7
935 449 12.14
637 472 26.32
879 137 36.23
712 905 17.49
424 576 44.07
840 468 6.27
163 69 18.89
851 783 24.47
419 860 5.69
574 171 32.01
721 749 47.58
588 113 40.35
834 682 1.86
358 388 4.2
744 899 1.35
319 536 11.7
369 825 26.26
446 636 4.98
811 176 41.86
682 568 17.23
534 580 34.67
588 117 5.17
37 677 17.22
808 505 38.69
964 53 11.26
435 410 18.38
546 782 10.01
78 528 26.98
464 366 12.93
353 317 33.37
425 388 20.59
648 605 6.13
7 130 22.9
505 624 9.11
684 34 11.38
972 917 43.24
150 571 45.04
881 551 17.3
720 988 49.69
149 793 25.26
455 813 32.82
620 83 29.34
618 762 49.4
744 996 46.06
153 329 9.36
608 23 7.31
727 208 24.1
785 536 19.38
960 362 47.5
704 158 21.09
803 121 27.0
830 176 46.18
64 810 41.4
906 922 26.13
394 846 15.16
562 15 27.14
565 829 13.49
834 694 48.91
920 666 38.33
746 294 23.54
412 475 13.38
771 627 39.85
484 968 15.08
322 521 32.55
843 305 27.53
764 205 15.44
976 146 21.44
552 473 5.05
479 367 24.45
817 203 29.61
895 994 46.83
109 772 26.6
43 330 35.07
789 454 47.19
948 206 6.66
914 46 23.74
315 497 2.76
550 356 19.36
115 167 16.84
319 17 32.79
995 567 40.61
459 944 19.34
162 488 14.66
410 359 49.59
969 285 27.06
855 933 14.83
332 915 35.53
991 395 28.08
160 328 47.89
775 157 10.6
582 539 31.21
921 584 46.18
70 208 32.03
751 227 29.93
621 91 28.86
262 608 34.04
87 817 3.44
516 425 10.03
772 156 9.19
738 477 46.19
158 453 33.35
579 490 49.28
649 970 44.72
818 538 21.34
634 383 40.19
719 360 6.37
176 942 1.25
874 705 36.5
958 937 46.68
382 14 14.04
198 252 18.49
767 182 24.19
742 998 16.08
60 46 32.68
319 118 48.15
789 698 34.35
560 231 2.29
525 10 31.42
975 198 40.31
672 752 34.67
192 40 10.79
790 54 46.97
691 503 31.34
942 595 6.05
162 300 30.05
571 44 32.8
735 907 49.27
434 332 1.9
290 435 5.4
442 54 24.04
265 541 14.84
866 703 2.93
158 794 40.03
861 263 5.52
108 552 29.19
193 430 11.14
554 627 20.1
787 761 33.46
621 741 1.3
892 188 39.76
217 864 23.59
71 774 23.24
369 176 31.25
912 658 17.74
554 611 34.91
509 74 28.62
996 154 27.39
752 556 40.54
304 519 49.93
635 47 0.01
514 911 48.38
987 548 10.97
816 863 18.35
597 150 21.99
16 977 23.42
708 196 26.63
14 166 33.19
328 524 42.88
987 522 16.35
351 791 32.81
582 804 39.21
279 122 21.42
47 837 12.2
25 192 22.35
822 38 45.09
64 730 28.28
112 436 16.67
783 25 26.46
578 29 36.24
734 640 2.7
347 554 22.2
342 468 2.81
166 101 47.96
215 293 26.84
773 90 6.22
424 684 39.92
638 727 20.89
463 773 43.11
138 181 39.94
372 876 9.32
432 206 23.43
138 937 2.05
94 535 48.65
606 702 9.33
744 693 38.1
261 837 41.21
702 329 26.62
210 836 7.02
434 414 21.51
221 674 7.4
831 415 22.58
308 217 47.22
163 51 9.97
317 4 47.74
765 907 24.06
377 568 9.99
87 224 5.23
244 559 31.42
863 706 10.67
346 758 37.6
155 366 32.59
833 718 24.83
304 411 48.68
274 561 15.79
649 435 46.06
257 586 40.13
818 901 24.32
939 626 35.8
402 126 12.97
704 246 31.73
961 203 4.75
217 428 33.18
962 522 42.02
226 893 13.6
697 718 33.29
1 665 25.9
758 138 17.74
877 416 31.41
328 386 38.33
783 21 7.35
43 663 28.18
347 427 31.87
626 961 10.95
176 9 11.51
788 212 12.76
243 888 7.37
506 182 32.58
192 345 34.89
671 812 18.16
433 65 7.03
198 458 46.63
667 910 12.33
263 594 12.45
928 568 17.12
579 673 30.7
368 747 6.16
507 119 20.01
30 777 26.98
220 325 38.12
496 683 30.92
460 502 2.54
455 830 8.63
254 528 40.33
738 607 48.01
306 562 23.88
95 474 0.83
573 773 14.15
930 772 27.56
695 613 48.78
123 14 1.08
607 175 30.24
220 594 36.92
9 258 38.27
304 261 31.18
184 528 11.71
605 941 27.98
291 947 16.98
546 859 4.83
363 554 44.51
225 776 7.73
803 451 49.91
254 273 38.03
535 360 33.24
525 716 39.27
269 468 29.03
503 873 5.59
222 493 9.07
517 891 32.82
413 113 32.27
907 799 9.58
798 67 8.69
46 634 48.66
208 500 30.14
366 517 38.0
131 492 5.55
668 834 46.82
954 696 27.74
452 861 4.66
354 563 37.56
500 237 30.35
497 207 42.2
619 378 23.3
31 835 37.59
362 102 41.86
775 380 28.43
758 326 32.05
86 533 35.68
987 48 35.4
163 481 28.22
170 164 46.37
877 277 14.52
779 189 8.24
456 177 30.53
179 703 31.41
15 733 12.0
567 680 39.54
962 950 42.98
407 688 46.98
618 488 27.41
403 163 45.68
496 882 37.43
617 947 31.09
593 255 0.16
268 600 24.05
364 745 44.73
118 18 0.3
41 118 42.47
742 882 20.1
163 829 36.35
978 943 7.67
799 95 20.02
846 77 14.62
771 984 43.12
787 324 11.72
151 852 36.93
473 785 40.8
30 836 23.72
948 534 22.18
901 89 44.06
954 953 3.23
419 765 8.19
50 85 0.82
839 103 2.16
902 225 33.29
317 781 4.08
881 692 8.2
961 984 43.59
522 83 28.07
33 181 15.49
7 734 49.71
550 145 39.32
858 96 32.47
275 434 37.68
399 590 36.63
940 346 39.95
147 645 36.35
40 85 2.39
510 437 40.58
887 775 22.3
897 778 21.48
29 32 11.7
881 583 32.23
84 890 35.52
281 883 5.28
141 679 10.45
307 789 7.47
511 309 3.06
824 882 40.93
806 579 10.1
250 83 16.97
29 707 49.64
185 265 45.93
715 168 39.02
458 155 27.38
682 87 34.39
993 164 43.69
627 63 7.12
536 119 5.05
642 458 34.41
389 412 15.18
895 468 34.85
552 122 25.55
443 728 34.96
817 101 20.23
31 56 9.35
958 487 24.78
600 915 45.35
514 912 10.6
997 30 42.93
655 943 20.1
398 150 21.91
277 224 19.34
615 986 21.54
87 702 42.14
874 771 42.01
245 383 23.44
80 492 43.46
660 557 30.8
776 76 35.65
999 897 39.53
958 88 10.92
185 728 11.1
477 684 43.36
64 247 24.5
237 969 49.83
307 136 27.23
549 197 32.15
812 597 15.78
305 32 45.26
71 617 25.76
764 171 13.15
745 332 8.14
527 176 42.95
65 565 41.1
24 958 17.61
681 295 26.89
931 572 29.5
117 814 49.21
476 451 0.12
2 481 19.2
994 959 16.47
928 143 17.86
902 916 0.45
480 812 48.34
785 826 16.01
311 483 44.11
153 10 8.07
553 818 37.94
220 936 8.33
725 875 32.58
858 17 35.72
383 327 25.59
54 924 13.55
313 499 30.09
46 411 20.9
576 844 48.1
62 560 43.34
453 684 45.11
721 642 36.94
433 341 42.93
135 399 19.78
767 354 42.87
887 361 7.38
693 298 12.76
479 236 11.9
2 103 19.39
102 619 30.22
801 16 12.87
864 431 2.43
309 133 20.19
153 850 30.96
346 449 33.41
344 902 9.92
626 998 32.18
806 112 25.86
221 807 11.0
276 288 4.14
943 103 39.38
352 528 39.38
997 204 16.92
240 331 14.74
847 480 45.89
988 725 32.27
927 571 31.32
632 574 45.91
537 916 31.86
47 352 9.18
609 295 25.53
0 942 22.35
295 318 20.81
853 478 37.31
429 219 37.16
839 373 4.12
263 945 49.21
202 639 20.05
817 583 34.88
415 981 20.6
500 366 41.44
156 998 31.97
898 544 32.58
157 905 36.3
45 409 6.17
615 263 34.17
691 544 25.0
855 43 23.64
564 196 32.26
726 291 1.49
570 704 29.22
767 854 30.45
655 345 25.27
719 333 5.34
2 60 29.35
644 540 42.42
266 859 37.59
640 606 33.73
841 543 3.02
705 68 8.29
80 709 42.98
258 457 16.88
363 107 16.38
673 799 40.81
641 696 45.51
946 567 30.7
846 210 20.49
751 422 9.44
14 474 6.12
134 595 32.02
184 837 31.24
327 13 47.83
595 736 24.85
899 774 36.03
59 529 19.67
701 932 35.35
76 890 2.17
484 445 17.74
198 215 47.94
975 768 9.74
559 124 42.61
967 552 45.91
123 297 1.49
352 626 46.7
855 720 15.58
927 675 46.66
833 283 17.69
941 684 9.84
506 536 29.99
298 360 6.23
411 198 23.6
210 578 36.79
219 743 41.49
75 826 35.03
390 350 8.18
580 390 39.81
599 424 23.99
888 18 27.5
79 597 16.44
40 314 11.68
458 701 49.09
692 197 14.87
593 332 15.92
186 929 40.22
698 264 30.21
597 131 20.37
513 303 48.04
527 686 47.24
355 180 0.03
430 456 39.02
389 97 39.67
866 170 30.26
256 84 3.0
709 382 26.5
56 723 12.42
177 961 47.83
432 769 46.6
261 128 44.22
527 817 40.06
632 316 1.72
517 95 17.99
636 976 20.1
182 620 16.61
347 223 31.85
21 392 34.85
373 208 47.23
730 952 10.34
588 71 11.99
926 764 4.87
719 910 41.38
394 557 18.99
687 302 37.55
522 677 48.92
539 481 33.19
614 909 32.98
930 711 15.33
288 189 0.46
592 726 44.21
754 269 42.11
496 826 21.36
565 898 48.76
270 435 35.01
658 346 1.51
363 715 10.53
957 228 23.54
707 638 23.55
321 81 18.25
627 964 2.98
5 837 8.77
20 291 40.76
25 621 29.29
62 190 46.17
529 744 37.81
157 362 46.63
424 408 40.73
472 286 26.68
862 784 41.79
676 920 14.04
898 821 2.11
748 228 14.95
400 654 23.17
188 518 20.99
292 261 41.78
593 124 5.95
133 581 4.62
690 726 4.69
178 284 19.98
394 224 15.44
48 544 16.05
99 389 43.08
729 827 18.54
811 715 4.01
405 369 44.82
194 362 42.34
621 639 48.61
666 342 13.18
322 875 36.92
605 187 21.08
778 32 20.35
738 454 10.99
419 568 49.36
840 824 44.5
78 546 31.1
849 243 6.28
436 859 16.32
80 92 24.48
404 742 40.9
355 689 4.07
193 307 13.82
313 73 16.85
11 34 36.38
218 660 44.67
567 317 35.4
730 707 40.26
760 337 15.64
776 111 41.35
231 703 49.74
771 527 32.96
613 664 20.27
183 330 20.58
621 18 26.64
777 857 21.85
910 922 34.48
966 487 43.65
167 672 49.26
328 274 22.97
417 592 26.89
232 305 22.87
632 693 41.53
756 213 39.22
994 622 14.95
274 370 40.21
301 243 22.06
107 5 27.99
788 959 24.9
384 693 31.2
963 733 0.54
864 859 7.77
918 676 19.14
944 411 9.63
390 284 44.83
944 643 35.18
939 32 25.76
916 825 20.34
986 443 9.61
448 759 46.29
368 909 17.14
339 528 20.67
388 726 29.89
308 409 18.72
728 279 47.32
536 899 3.04
361 285 45.26
153 589 23.49
154 743 20.16
695 3 33.85
356 789 33.05
587 460 48.02
545 296 22.85
775 173 46.6
427 183 41.46
791 633 34.26
81 917 21.81
962 418 39.14
571 605 25.72
648 38 38.39
144 9 30.68
13 668 38.01
606 387 3.28
61 766 30.97
626 332 22.28
405 335 4.84
315 659 6.3
712 316 19.12
331 907 19.29
959 364 22.74
517 480 22.22
15 618 34.53
200 487 10.59
535 407 12.57
714 923 25.81
438 874 43.86
725 916 2.91
929 194 42.18
500 807 18.4
650 575 0.41
158 107 29.81
650 400 2.79
847 684 18.48
593 519 2.62
526 704 44.7
335 526 34.43
778 803 14.51
986 827 0.32
426 960 9.96
489 662 2.44
878 678 21.21
957 585 8.01
954 51 45.34
10 321 6.07
618 568 43.91
55 12 26.04
587 681 0.15
769 962 5.05
8 523 40.26
108 861 34.28
10 550 9.13
857 723 34.65
894 819 17.52
784 744 8.72
395 941 6.3
648 631 38.65
281 929 3.72
217 280 49.88
538 839 33.09
456 224 36.24
427 480 11.61
563 134 45.17
388 576 16.04
72 833 0.94
267 915 26.98
82 117 49.68
917 721 1.74
188 173 42.58
693 939 15.19
179 255 32.57
346 405 49.02
463 237 45.47
685 796 2.39
882 720 48.59
960 975 41.41
143 869 28.75
471 256 0.34
604 297 6.73
530 978 44.8
312 222 7.09
585 249 6.37
965 982 20.74
358 967 48.06
814 148 42.65
870 323 22.33
641 752 38.39
456 433 36.94
878 361 41.64
259 847 48.95
238 250 9.17
724 43 13.76
773 703 11.17
85 336 24.73
872 511 12.51
991 15 38.19
31 377 4.91
608 392 40.58
459 520 30.96
773 608 26.84
312 409 48.17
73 106 24.32
276 786 15.59
211 929 11.76
774 490 45.87
444 249 1.41
311 605 2.96
30 467 20.63
668 871 39.18
181 559 0.9
689 622 5.97
169 265 3.8
159 241 39.11
978 582 37.95
622 805 12.95
394 894 45.86
75 788 27.9
587 654 42.17
717 92 11.97
589 178 31.58
471 307 12.05
652 851 11.35
750 38 41.65
186 781 29.41
440 278 42.57
518 406 44.18
298 558 15.16
566 247 28.61
302 828 27.33
997 243 48.46
733 47 30.23
190 389 45.18
846 64 9.2
694 59 12.87
149 99 39.33
821 295 44.11
443 428 7.94
805 265 32.12
428 764 10.15
473 584 4.82
116 84 19.72
399 640 32.25
57 182 34.49
838 907 40.11
284 41 44.77
335 859 23.26
345 995 9.55
727 582 37.32
333 578 29.88
587 933 37.82
413 665 30.48
218 893 33.97
402 922 48.2
321 575 20.24
112 865 2.54
354 98 29.7
644 252 20.21
510 107 47.89
6 612 24.01
524 846 32.87
447 12 40.74
678 211 49.78
292 446 40.84
994 708 43.05
544 739 5.97
999 595 35.08
133 849 31.61
419 294 8.34
860 228 9.03
275 581 46.41
47 647 44.25
875 816 30.93
94 794 12.5
841 818 13.06
142 867 12.93
878 242 2.46
923 198 32.3
756 783 41.95
759 168 45.8
576 841 13.07
792 13 30.18
545 165 46.42
733 247 37.07
87 887 40.61
57 791 24.29
948 718 25.58
6 963 19.06
110 333 38.98
227 953 39.82
578 910 19.48
918 856 32.69
674 535 6.95
290 627 34.55
208 862 27.6
146 70 7.2
152 974 31.52
235 129 46.03
441 482 41.18
262 706 2.3
220 687 12.22
746 437 20.23
211 835 1.72
598 869 28.81
67 258 35.27
709 793 43.64
42 205 11.14
23 850 25.81
304 930 29.04
102 945 13.32
314 121 31.09
21 315 35.44
418 107 44.86
323 126 42.12
32 739 21.79
934 155 28.37
659 462 19.47
168 892 8.49
784 748 32.89
613 652 45.98
290 814 38.16
266 908 23.03
95 760 21.74
303 306 37.46
209 534 30.02
742 745 46.37
362 952 36.6
881 277 32.69
910 871 39.29
831 901 5.38
476 223 15.15
382 386 4.2
693 5 29.06
874 332 17.36
227 561 10.84
245 377 34.06
491 930 36.62
356 776 44.16
827 166 22.37
952 687 13.98
996 177 11.53
465 386 10.96
816 66 13.96
820 837 19.45
444 251 30.59
38 86 36.69
407 848 26.61
351 454 11.29
113 836 46.12
872 838 35.6
44 249 43.09
268 452 30.37
446 462 36.39
34 37 12.18
365 784 31.77
712 498 13.85
656 236 39.8
945 85 33.94
804 8 7.01
528 522 23.7
708 87 16.59
242 713 29.09
792 363 6.43
8 48 40.97
55 115 44.71
796 44 47.5
28 404 41.45
99 866 18.59
276 732 5.67
788 758 38.95
761 227 31.18
751 230 32.46
837 378 4.21
815 282 34.42
724 29 32.5
231 786 41.99
403 29 8.41
599 715 28.73
929 7 24.13
879 761 10.83
488 936 7.86
785 604 9.37
852 34 0.91
283 133 10.86
786 397 23.53
474 591 38.5
330 201 31.71
800 576 7.79
686 864 47.87
951 335 3.01
976 430 6.12
203 781 25.81
239 874 36.49
948 78 32.94
826 516 23.46
73 839 47.97
890 119 10.93
941 919 1.0
804 254 39.8
292 751 21.04
436 128 44.46
423 468 28.21
707 709 1.26
755 953 46.48
130 904 15.68
214 160 33.57
76 868 4.6
514 823 1.23
887 81 26.85
7 93 27.78
411 503 38.2
773 964 45.1
473 959 46.55
30 549 13.77
684 359 19.47
136 58 33.29
955 852 48.82
481 468 19.3
740 734 6.77
457 235 15.9
930 1 33.18
635 508 49.23
920 704 26.91
451 674 18.03
340 970 22.81
152 671 7.67
4 895 21.32
435 401 7.18
915 82 0.3
718 415 2.73
548 213 26.9
582 427 16.71
837 217 3.08
14 789 19.73
872 27 6.87
591 748 13.18
213 908 26.25
709 274 12.56
910 459 7.44
868 981 38.24
800 757 31.72
758 13 9.35
180 350 48.23
666 477 43.51
252 557 43.7
533 530 32.64
638 397 46.52
156 393 6.78
832 176 16.47
823 586 2.21
546 428 32.96
432 201 30.85
343 816 7.36
409 561 5.69
275 949 9.59
529 585 10.67
37 366 15.19
199 241 14.51
286 922 46.76
709 459 14.57
992 103 2.81
957 636 11.07
720 382 37.7
407 722 1.89
52 107 29.03
529 749 5.31
901 740 42.18
813 351 11.27
622 399 27.61
450 678 13.32
578 95 17.01
633 482 29.54
67 846 13.88
4 58 12.74
387 92 18.58
862 875 23.34
956 327 41.1
438 108 44.77
439 442 13.86
3 493 30.19
571 52 41.32
790 567 29.43
643 162 2.67
258 936 36.24
155 750 8.65
391 214 1.68
379 804 38.26
450 529 44.87
242 969 23.76
655 507 4.41
211 733 46.54
751 553 12.71
883 895 2.11
65 792 40.6
784 469 39.94
916 274 1.52
171 483 32.7
571 945 22.84
390 664 29.7
199 864 37.12
951 438 1.64
408 447 17.34
907 201 37.13
60 877 28.41
523 492 6.66
358 757 41.95
73 697 16.3
515 943 31.79
232 558 40.28
215 459 13.41
254 646 3.46
749 882 13.4
588 276 16.54
552 506 0.62
892 566 38.12
244 566 41.77
877 290 28.01
633 241 34.37
430 327 17.73
926 295 4.45
689 841 44.96
830 793 1.09
273 348 15.87
982 887 40.54
859 390 49.89
860 749 25.31
72 22 28.2
553 248 37.09
185 169 10.65
688 336 28.0
393 545 5.72
492 878 11.86
215 574 24.76
637 708 35.22
432 623 24.84
827 641 38.64
192 271 44.12
321 196 49.87
770 570 9.93
419 350 34.19
11 743 2.54
87 379 11.73
651 421 36.88
783 663 38.23
107 895 30.46
717 658 33.37
647 250 8.22
494 189 30.45
92 908 3.9
359 636 12.31
859 820 3.4
746 387 40.87
84 462 37.42
498 892 31.94
795 78 19.83
313 5 22.69
678 841 42.9
585 812 26.54
965 697 33.12
648 476 18.91
768 336 38.92
673 903 48.02
92 481 17.33
898 395 16.68
214 659 7.66
488 7 34.57
349 215 28.49
580 805 45.95
868 719 9.05
393 134 43.94
325 407 17.24
634 156 41.25
126 718 24.04
184 752 26.62
71 403 49.0
938 362 48.05
570 1 11.72
899 175 26.39
488 746 17.7
764 980 27.32
294 205 8.72
936 424 38.79
911 966 47.37
511 778 10.62
774 661 29.53
414 734 40.62
110 234 33.93
498 924 16.88
766 929 19.51
994 610 43.52
855 143 23.2
232 157 24.84
683 91 21.82
511 223 6.5
160 616 48.56
933 447 18.91
475 23 33.21
682 542 41.39
421 743 15.33
239 262 4.97
177 679 11.38
272 739 28.06
67 24 49.86
930 267 32.11
258 437 23.68
45 239 13.62
518 908 44.83
746 610 4.61
986 107 24.98
189 982 36.57
570 309 44.61
27 724 31.41
830 157 14.68
757 402 28.96
317 720 27.23
883 164 22.53
554 549 35.79
706 29 12.63
538 925 1.83
686 180 4.65
955 460 41.18
831 58 17.65
855 664 3.05
480 360 40.22
894 775 14.61
307 483 14.0
159 67 26.36
870 618 47.37
927 631 46.89
712 555 9.52
271 664 10.71
555 419 30.04
666 6 29.8
132 645 30.27
980 410 37.42
854 631 40.5
459 680 42.86
754 130 11.37
346 684 26.89
250 328 8.8
177 894 20.88
833 998 39.26
509 631 26.91
788 921 36.14
494 4 2.23
563 650 48.66
971 912 49.16
64 100 11.9
959 315 20.7
382 250 40.14
607 703 22.72
250 132 26.25
114 166 16.11
189 992 46.4
31 983 46.11
64 362 12.96
561 705 1.26
583 622 38.39
550 84 31.83
734 346 19.49
371 788 35.62
246 591 24.31
993 367 49.75
168 687 13.95
83 259 18.19
888 405 7.45
181 115 38.37
883 714 0.92
470 969 25.01
697 332 31.25
134 434 15.4
851 846 30.84
112 455 28.8
805 236 2.15
89 288 31.53
965 541 49.83
670 185 0.98
985 202 43.92
417 766 23.91
117 323 49.76
997 176 8.87
426 342 48.89
813 255 38.3
439 113 40.46
496 239 33.07
252 285 4.77
895 773 1.22
137 939 28.66
37 121 42.95
83 800 37.59
486 900 36.19
111 90 0.85
256 800 30.22
109 41 24.25
580 93 30.4
725 265 19.47
957 527 13.4
125 709 40.41
391 426 20.78
984 867 4.61
921 881 38.44
519 940 22.19
19 296 30.99
12 194 35.77
240 743 12.96
986 785 32.19
773 935 3.14
150 760 20.72
727 380 24.64
352 655 33.58
513 371 30.79
202 312 41.02
747 651 6.06
567 521 37.66
451 478 12.15
805 78 46.37
671 854 21.57
147 808 3.52
625 226 4.93
107 138 32.2
249 784 13.65
552 56 30.44
390 602 26.73
649 440 47.75
429 347 8.92
796 266 46.45
223 313 7.48
883 26 44.03
599 154 46.78
90 26 8.77
777 264 12.9
934 394 33.89
580 815 5.49
383 802 44.62
280 51 20.28
902 12 48.68
353 181 13.73
471 716 22.99
889 45 40.76
856 689 38.54
849 598 47.58
640 795 10.89
904 470 44.26
288 796 26.01
137 5 25.79
61 241 29.8
450 675 6.34
635 80 34.94
55 372 28.44
83 642 40.66
74 605 8.09
477 63 29.25
886 877 26.7
982 278 48.24
439 759 33.33
123 908 8.72
563 36 23.91
76 26 28.18
443 523 19.26
441 129 21.25
234 179 20.67
943 934 42.52
620 325 29.73
692 336 13.76
664 308 29.12
206 543 22.07
470 278 32.47
992 277 6.24
305 810 24.11
933 518 6.45
406 105 24.28
466 177 36.05
755 374 31.43
128 558 45.06
808 256 10.51
694 535 32.05
369 797 15.91
755 281 24.82
441 350 7.93
369 490 40.56
279 368 44.38
3 154 3.07
260 630 2.38
912 435 37.87
355 801 11.41
212 875 36.35
336 786 5.05
278 839 26.15
633 252 27.87
996 95 8.47
919 852 13.96
464 399 22.54
717 483 35.01
6 433 23.56
551 928 49.57
227 85 13.41
780 7 19.42
975 826 42.64
541 430 45.88
659 620 8.28
851 837 16.33
571 246 4.27
4 707 41.06
541 703 40.63
181 509 1.59
888 111 32.8
729 568 23.97
693 584 25.0
688 676 35.09
281 943 49.94
296 1 5.62
552 361 42.65
376 242 30.52
595 968 18.03
191 734 46.9
75 910 40.08
729 20 39.6
235 743 5.73
34 572 36.66
185 376 37.8
992 890 0.58
76 180 29.62
508 92 26.37
63 587 8.64
425 577 13.89
60 562 37.33
627 513 40.6
354 704 47.83
40 788 10.68
324 750 44.52
486 946 19.38
357 430 18.41
658 365 29.55
258 804 12.45
64 179 25.82
304 675 23.85
201 358 49.92
346 687 3.92
869 615 10.87
224 873 29.45
416 139 11.67
144 17 16.21
672 56 17.14
201 307 45.0
132 582 4.78
586 149 44.73
694 159 33.38
759 205 2.15
498 585 34.5
268 436 45.24
492 896 28.39
199 263 25.45
965 694 38.82
73 546 4.39
815 453 31.17
917 861 32.11
660 834 24.29
344 785 37.44
690 545 29.33
599 713 35.59
961 597 48.24
843 699 44.67
866 806 20.38
343 510 40.75
8 148 20.38
748 679 12.9
220 95 30.89
450 428 2.85
883 885 21.03
13 885 37.32
