1000
7370
763 767 1.0
452 958 1.0
103 624 1.0
421 898 1.0
305 114 1.0
979 462 1.0
536 534 1.0
823 996 1.0
991 270 1.0
564 669 1.0
504 254 1.0
229 411 1.0
49 61 1.0
147 167 1.0
458 682 1.0
181 673 1.0
637 560 1.0
670 870 1.0
708 828 1.0
539 697 1.0
815 667 1.0
433 708 1.0
747 991 1.0
170 533 1.0
626 153 1.0
553 460 1.0
289 237 1.0
177 169 1.0
269 659 1.0
49 888 1.0
253 705 1.0
442 422 1.0
859 380 1.0
446 394 1.0
274 94 1.0
51 471 1.0
440 374 1.0
94 182 1.0
989 805 1.0
848 406 1.0
570 781 1.0
188 182 1.0
803 874 1.0
206 815 1.0
573 866 1.0
349 164 1.0
240 958 1.0
625 35 1.0
421 425 1.0
461 458 1.0
672 549 1.0
69 140 1.0
662 707 1.0
897 284 1.0
344 705 1.0
936 991 1.0
6 483 1.0
85 132 1.0
589 604 1.0
157 420 1.0
345 331 1.0
182 531 1.0
290 457 1.0
586 607 1.0
987 679 1.0
817 902 1.0
782 2 1.0
786 266 1.0
777 41 1.0
954 742 1.0
571 842 1.0
90 199 1.0
990 178 1.0
77 221 1.0
447 188 1.0
943 17 1.0
497 886 1.0
342 727 1.0
661 865 1.0
733 611 1.0
725 751 1.0
300 405 1.0
660 93 1.0
592 206 1.0
583 976 1.0
185 523 1.0
598 465 1.0
278 159 1.0
331 35 1.0
570 946 1.0
241 65 1.0
826 206 1.0
317 203 1.0
717 229 1.0
288 671 1.0
90 798 1.0
235 177 1.0
652 736 1.0
858 101 1.0
817 715 1.0
561 89 1.0
270 547 1.0
921 78 1.0
300 918 1.0
435 462 1.0
286 970 1.0
195 220 1.0
376 914 1.0
990 473 1.0
993 496 1.0
348 163 1.0
457 241 1.0
150 325 1.0
659 726 1.0
712 275 1.0
76 271 1.0
32 188 1.0
865 16 1.0
324 753 1.0
220 5 1.0
200 698 1.0
848 567 1.0
469 309 1.0
160 718 1.0
674 296 1.0
739 326 1.0
23 372 1.0
354 116 1.0
292 394 1.0
192 528 1.0
486 351 1.0
129 851 1.0
858 73 1.0
675 647 1.0
400 0 1.0
303 252 1.0
440 928 1.0
880 22 1.0
224 404 1.0
466 889 1.0
907 74 1.0
820 88 1.0
186 987 1.0
766 511 1.0
47 273 1.0
523 118 1.0
541 576 1.0
168 86 1.0
785 671 1.0
194 539 1.0
387 966 1.0
860 770 1.0
309 343 1.0
534 610 1.0
482 648 1.0
286 245 1.0
96 421 1.0
2 93 1.0
750 471 1.0
740 849 1.0
46 177 1.0
548 487 1.0
595 887 1.0
33 505 1.0
556 383 1.0
552 522 1.0
335 121 1.0
826 416 1.0
790 193 1.0
706 465 1.0
613 361 1.0
860 959 1.0
153 441 1.0
367 54 1.0
818 337 1.0
771 2 1.0
65 683 1.0
868 804 1.0
426 867 1.0
380 220 1.0
539 928 1.0
836 197 1.0
299 634 1.0
27 237 1.0
107 851 1.0
388 436 1.0
72 984 1.0
21 890 1.0
110 671 1.0
810 635 1.0
214 849 1.0
581 4 1.0
536 726 1.0
241 244 1.0
657 397 1.0
186 694 1.0
910 275 1.0
758 875 1.0
31 593 1.0
574 58 1.0
876 864 1.0
821 434 1.0
354 413 1.0
727 268 1.0
927 415 1.0
91 675 1.0
401 230 1.0
913 685 1.0
563 628 1.0
84 273 1.0
576 381 1.0
217 904 1.0
861 960 1.0
398 621 1.0
467 493 1.0
419 103 1.0
449 78 1.0
500 756 1.0
918 544 1.0
532 901 1.0
340 865 1.0
626 327 1.0
246 673 1.0
487 101 1.0
611 858 1.0
214 296 1.0
399 682 1.0
827 577 1.0
553 838 1.0
452 483 1.0
719 638 1.0
410 699 1.0
243 862 1.0
616 258 1.0
305 656 1.0
882 583 1.0
30 428 1.0
783 398 1.0
754 481 1.0
328 813 1.0
750 187 1.0
758 828 1.0
670 973 1.0
895 882 1.0
496 638 1.0
448 60 1.0
203 102 1.0
780 247 1.0
144 471 1.0
947 611 1.0
540 726 1.0
171 576 1.0
459 856 1.0
19 313 1.0
662 959 1.0
242 21 1.0
470 29 1.0
372 555 1.0
350 438 1.0
445 843 1.0
740 719 1.0
171 97 1.0
455 59 1.0
375 931 1.0
186 738 1.0
652 896 1.0
783 929 1.0
862 792 1.0
461 695 1.0
292 688 1.0
707 619 1.0
975 725 1.0
745 361 1.0
792 733 1.0
573 852 1.0
117 203 1.0
963 970 1.0
699 282 1.0
972 517 1.0
269 806 1.0
960 854 1.0
43 328 1.0
547 538 1.0
307 400 1.0
547 751 1.0
324 706 1.0
975 5 1.0
805 740 1.0
673 302 1.0
354 84 1.0
85 464 1.0
959 259 1.0
599 687 1.0
658 422 1.0
720 69 1.0
220 153 1.0
818 644 1.0
320 140 1.0
527 137 1.0
403 640 1.0
373 312 1.0
650 872 1.0
412 964 1.0
174 978 1.0
773 445 1.0
186 357 1.0
469 545 1.0
963 11 1.0
455 182 1.0
783 310 1.0
989 259 1.0
998 740 1.0
872 580 1.0
700 668 1.0
938 861 1.0
988 847 1.0
227 387 1.0
886 970 1.0
585 0 1.0
217 937 1.0
741 22 1.0
905 355 1.0
292 744 1.0
145 466 1.0
547 654 1.0
938 425 1.0
778 455 1.0
130 182 1.0
906 710 1.0
733 111 1.0
934 271 1.0
215 38 1.0
669 448 1.0
960 583 1.0
182 131 1.0
214 559 1.0
522 704 1.0
517 20 1.0
276 517 1.0
554 153 1.0
252 919 1.0
971 976 1.0
527 688 1.0
48 847 1.0
312 313 1.0
613 558 1.0
58 822 1.0
181 573 1.0
83 551 1.0
664 232 1.0
787 650 1.0
541 436 1.0
50 836 1.0
56 337 1.0
260 7 1.0
765 767 1.0
720 50 1.0
442 779 1.0
276 998 1.0
552 985 1.0
827 301 1.0
499 753 1.0
431 971 1.0
117 451 1.0
310 199 1.0
6 661 1.0
904 520 1.0
646 961 1.0
686 929 1.0
305 137 1.0
197 895 1.0
530 509 1.0
153 983 1.0
359 417 1.0
218 211 1.0
299 154 1.0
233 996 1.0
926 351 1.0
843 62 1.0
143 857 1.0
556 992 1.0
530 613 1.0
669 251 1.0
234 998 1.0
191 608 1.0
552 637 1.0
589 804 1.0
984 739 1.0
37 38 1.0
139 651 1.0
439 749 1.0
623 530 1.0
924 51 1.0
440 921 1.0
359 310 1.0
395 39 1.0
559 964 1.0
197 888 1.0
235 524 1.0
303 451 1.0
980 577 1.0
549 13 1.0
662 384 1.0
529 600 1.0
598 646 1.0
996 161 1.0
596 124 1.0
558 459 1.0
891 765 1.0
824 910 1.0
180 460 1.0
545 508 1.0
486 401 1.0
581 184 1.0
768 250 1.0
271 519 1.0
868 795 1.0
680 56 1.0
382 480 1.0
861 205 1.0
155 640 1.0
956 610 1.0
130 42 1.0
239 635 1.0
701 824 1.0
375 935 1.0
880 0 1.0
401 209 1.0
697 415 1.0
228 843 1.0
254 606 1.0
425 90 1.0
673 271 1.0
449 39 1.0
343 695 1.0
970 378 1.0
508 619 1.0
250 31 1.0
464 412 1.0
337 778 1.0
612 381 1.0
195 516 1.0
397 345 1.0
955 893 1.0
880 127 1.0
321 705 1.0
668 328 1.0
925 174 1.0
907 765 1.0
585 82 1.0
960 787 1.0
409 254 1.0
361 952 1.0
558 7 1.0
46 821 1.0
942 49 1.0
480 387 1.0
646 780 1.0
34 472 1.0
864 409 1.0
451 521 1.0
916 740 1.0
10 863 1.0
435 353 1.0
960 940 1.0
238 192 1.0
641 53 1.0
115 18 1.0
586 375 1.0
288 883 1.0
428 827 1.0
925 840 1.0
639 139 1.0
166 192 1.0
327 629 1.0
263 901 1.0
402 749 1.0
437 473 1.0
600 252 1.0
891 859 1.0
737 413 1.0
562 921 1.0
402 908 1.0
791 918 1.0
528 167 1.0
176 179 1.0
722 607 1.0
591 718 1.0
698 85 1.0
197 432 1.0
932 143 1.0
71 624 1.0
822 162 1.0
28 283 1.0
934 751 1.0
69 501 1.0
847 24 1.0
899 119 1.0
451 329 1.0
908 121 1.0
329 169 1.0
558 214 1.0
912 264 1.0
218 636 1.0
834 896 1.0
826 427 1.0
906 662 1.0
746 323 1.0
677 792 1.0
226 464 1.0
452 71 1.0
65 799 1.0
168 596 1.0
723 464 1.0
500 75 1.0
324 19 1.0
767 892 1.0
35 349 1.0
782 815 1.0
535 514 1.0
813 453 1.0
941 874 1.0
415 436 1.0
647 166 1.0
513 153 1.0
245 697 1.0
979 348 1.0
504 497 1.0
814 497 1.0
1 396 1.0
358 604 1.0
398 502 1.0
160 306 1.0
565 191 1.0
405 619 1.0
791 159 1.0
173 36 1.0
350 444 1.0
13 319 1.0
966 56 1.0
649 3 1.0
719 181 1.0
961 560 1.0
25 578 1.0
576 929 1.0
422 69 1.0
415 1 1.0
379 432 1.0
678 176 1.0
718 310 1.0
892 134 1.0
401 84 1.0
305 892 1.0
349 778 1.0
2 399 1.0
975 577 1.0
701 214 1.0
807 37 1.0
328 793 1.0
779 490 1.0
710 898 1.0
472 913 1.0
881 189 1.0
809 393 1.0
256 569 1.0
589 207 1.0
410 222 1.0
437 953 1.0
809 846 1.0
130 164 1.0
592 958 1.0
779 595 1.0
69 715 1.0
461 505 1.0
15 8 1.0
392 691 1.0
504 332 1.0
488 656 1.0
275 30 1.0
385 402 1.0
950 123 1.0
762 325 1.0
409 787 1.0
506 405 1.0
869 689 1.0
470 409 1.0
790 729 1.0
680 372 1.0
873 290 1.0
769 576 1.0
294 780 1.0
575 859 1.0
702 936 1.0
671 771 1.0
541 301 1.0
428 179 1.0
625 374 1.0
869 726 1.0
752 798 1.0
771 200 1.0
966 78 1.0
903 994 1.0
84 395 1.0
816 533 1.0
561 531 1.0
987 75 1.0
717 830 1.0
24 42 1.0
376 478 1.0
899 962 1.0
71 625 1.0
25 868 1.0
719 212 1.0
670 979 1.0
583 207 1.0
997 460 1.0
482 637 1.0
703 63 1.0
810 794 1.0
698 525 1.0
782 221 1.0
299 1 1.0
972 349 1.0
396 513 1.0
287 174 1.0
222 84 1.0
345 675 1.0
623 300 1.0
522 610 1.0
381 723 1.0
823 93 1.0
233 631 1.0
891 381 1.0
469 919 1.0
545 871 1.0
966 645 1.0
814 520 1.0
841 899 1.0
115 242 1.0
433 736 1.0
985 983 1.0
255 570 1.0
372 578 1.0
0 836 1.0
408 323 1.0
43 615 1.0
910 705 1.0
264 905 1.0
239 351 1.0
985 619 1.0
871 193 1.0
108 28 1.0
507 62 1.0
286 265 1.0
491 445 1.0
529 639 1.0
888 986 1.0
790 116 1.0
502 943 1.0
675 747 1.0
643 493 1.0
910 830 1.0
534 539 1.0
696 660 1.0
808 859 1.0
227 106 1.0
782 777 1.0
92 499 1.0
940 13 1.0
521 442 1.0
730 582 1.0
914 221 1.0
555 854 1.0
963 225 1.0
809 738 1.0
760 586 1.0
90 705 1.0
56 129 1.0
733 794 1.0
131 750 1.0
365 944 1.0
507 277 1.0
620 487 1.0
206 682 1.0
241 53 1.0
577 615 1.0
962 348 1.0
694 538 1.0
698 940 1.0
799 130 1.0
668 547 1.0
848 448 1.0
837 590 1.0
528 536 1.0
269 631 1.0
296 127 1.0
166 447 1.0
898 292 1.0
67 274 1.0
866 137 1.0
666 207 1.0
432 120 1.0
282 567 1.0
972 192 1.0
581 332 1.0
552 511 1.0
198 625 1.0
681 167 1.0
732 293 1.0
182 579 1.0
493 153 1.0
575 608 1.0
515 343 1.0
846 462 1.0
794 163 1.0
633 239 1.0
351 995 1.0
53 612 1.0
434 232 1.0
652 781 1.0
444 413 1.0
320 535 1.0
841 516 1.0
573 580 1.0
591 550 1.0
666 385 1.0
541 489 1.0
616 257 1.0
348 937 1.0
945 332 1.0
33 257 1.0
193 380 1.0
400 793 1.0
80 500 1.0
458 735 1.0
446 977 1.0
192 448 1.0
261 107 1.0
268 750 1.0
842 834 1.0
502 384 1.0
372 858 1.0
381 951 1.0
147 89 1.0
322 317 1.0
145 558 1.0
760 957 1.0
852 194 1.0
278 160 1.0
50 104 1.0
194 844 1.0
90 693 1.0
583 908 1.0
737 730 1.0
80 629 1.0
818 599 1.0
450 308 1.0
652 656 1.0
533 290 1.0
352 985 1.0
515 186 1.0
464 347 1.0
327 735 1.0
689 518 1.0
71 320 1.0
545 95 1.0
458 350 1.0
289 89 1.0
747 642 1.0
707 229 1.0
835 993 1.0
396 252 1.0
314 249 1.0
835 665 1.0
942 923 1.0
160 753 1.0
697 385 1.0
77 868 1.0
872 43 1.0
541 19 1.0
542 833 1.0
19 870 1.0
697 213 1.0
602 378 1.0
635 844 1.0
687 539 1.0
920 736 1.0
205 521 1.0
727 973 1.0
462 474 1.0
849 272 1.0
907 897 1.0
496 864 1.0
510 444 1.0
49 559 1.0
431 823 1.0
498 800 1.0
948 723 1.0
692 72 1.0
790 899 1.0
417 422 1.0
234 163 1.0
158 692 1.0
237 217 1.0
754 525 1.0
319 526 1.0
461 143 1.0
841 547 1.0
138 592 1.0
102 470 1.0
76 19 1.0
581 508 1.0
812 882 1.0
124 206 1.0
937 618 1.0
974 246 1.0
813 988 1.0
574 49 1.0
711 256 1.0
849 772 1.0
579 449 1.0
416 176 1.0
875 837 1.0
203 535 1.0
265 612 1.0
710 166 1.0
938 318 1.0
63 835 1.0
92 799 1.0
709 591 1.0
216 237 1.0
946 603 1.0
200 813 1.0
386 780 1.0
217 419 1.0
641 176 1.0
122 704 1.0
264 423 1.0
803 988 1.0
81 253 1.0
254 491 1.0
222 188 1.0
649 585 1.0
821 404 1.0
386 161 1.0
174 629 1.0
881 143 1.0
402 25 1.0
472 754 1.0
454 716 1.0
886 190 1.0
230 5 1.0
359 476 1.0
418 492 1.0
989 657 1.0
363 644 1.0
546 774 1.0
222 408 1.0
3 324 1.0
279 367 1.0
326 357 1.0
543 377 1.0
508 216 1.0
575 209 1.0
679 851 1.0
986 931 1.0
524 888 1.0
254 765 1.0
514 994 1.0
683 47 1.0
377 751 1.0
937 660 1.0
732 917 1.0
174 17 1.0
350 638 1.0
862 643 1.0
296 558 1.0
416 171 1.0
225 409 1.0
479 338 1.0
340 248 1.0
550 647 1.0
893 482 1.0
2 789 1.0
571 516 1.0
324 447 1.0
431 164 1.0
636 575 1.0
796 375 1.0
462 712 1.0
412 200 1.0
72 216 1.0
232 666 1.0
570 274 1.0
136 458 1.0
76 677 1.0
663 504 1.0
570 704 1.0
616 300 1.0
3 824 1.0
163 210 1.0
341 973 1.0
888 664 1.0
963 75 1.0
914 365 1.0
695 140 1.0
996 298 1.0
839 880 1.0
375 138 1.0
155 30 1.0
178 874 1.0
637 890 1.0
40 43 1.0
143 287 1.0
301 245 1.0
824 988 1.0
441 364 1.0
719 369 1.0
842 981 1.0
509 752 1.0
278 478 1.0
919 38 1.0
574 923 1.0
66 649 1.0
596 229 1.0
181 745 1.0
718 667 1.0
785 624 1.0
975 698 1.0
4 100 1.0
684 334 1.0
81 530 1.0
140 41 1.0
64 186 1.0
327 336 1.0
804 207 1.0
16 267 1.0
160 614 1.0
531 52 1.0
265 979 1.0
918 580 1.0
534 249 1.0
531 26 1.0
42 136 1.0
924 925 1.0
520 270 1.0
926 439 1.0
766 729 1.0
38 522 1.0
978 857 1.0
686 180 1.0
959 288 1.0
192 684 1.0
401 267 1.0
265 908 1.0
820 711 1.0
79 527 1.0
640 662 1.0
987 706 1.0
983 458 1.0
232 524 1.0
837 407 1.0
169 999 1.0
135 10 1.0
430 782 1.0
332 805 1.0
807 839 1.0
694 498 1.0
551 192 1.0
298 334 1.0
858 308 1.0
443 517 1.0
166 677 1.0
602 434 1.0
85 584 1.0
609 901 1.0
849 86 1.0
634 972 1.0
15 183 1.0
804 429 1.0
116 758 1.0
110 103 1.0
786 722 1.0
754 62 1.0
395 624 1.0
43 38 1.0
756 860 1.0
726 557 1.0
707 343 1.0
388 219 1.0
225 983 1.0
86 290 1.0
561 428 1.0
559 167 1.0
662 478 1.0
573 961 1.0
56 298 1.0
48 351 1.0
279 204 1.0
161 732 1.0
806 580 1.0
140 708 1.0
913 131 1.0
310 510 1.0
783 532 1.0
502 617 1.0
776 589 1.0
239 753 1.0
7 621 1.0
700 832 1.0
560 437 1.0
883 111 1.0
827 601 1.0
763 861 1.0
343 598 1.0
757 43 1.0
287 755 1.0
853 608 1.0
592 618 1.0
665 409 1.0
288 669 1.0
641 653 1.0
496 355 1.0
61 665 1.0
491 250 1.0
250 151 1.0
908 276 1.0
517 22 1.0
155 52 1.0
269 767 1.0
664 920 1.0
924 468 1.0
918 702 1.0
863 625 1.0
89 792 1.0
441 85 1.0
575 354 1.0
835 391 1.0
803 896 1.0
431 970 1.0
589 619 1.0
799 379 1.0
890 258 1.0
50 672 1.0
202 779 1.0
823 520 1.0
116 681 1.0
768 495 1.0
123 852 1.0
72 928 1.0
12 247 1.0
309 587 1.0
189 202 1.0
990 110 1.0
959 565 1.0
861 62 1.0
317 831 1.0
125 725 1.0
58 712 1.0
804 746 1.0
862 661 1.0
674 38 1.0
977 130 1.0
552 251 1.0
702 343 1.0
202 829 1.0
769 564 1.0
949 98 1.0
681 894 1.0
848 819 1.0
758 26 1.0
279 867 1.0
323 415 1.0
123 548 1.0
685 238 1.0
578 959 1.0
281 67 1.0
373 618 1.0
201 218 1.0
996 113 1.0
716 911 1.0
784 938 1.0
17 828 1.0
819 782 1.0
59 422 1.0
703 798 1.0
245 441 1.0
231 746 1.0
896 473 1.0
617 363 1.0
484 213 1.0
626 36 1.0
56 564 1.0
811 722 1.0
356 392 1.0
375 350 1.0
293 127 1.0
402 567 1.0
841 454 1.0
931 57 1.0
854 758 1.0
50 10 1.0
671 754 1.0
602 682 1.0
334 652 1.0
807 704 1.0
451 36 1.0
481 137 1.0
283 971 1.0
751 626 1.0
488 233 1.0
261 683 1.0
231 397 1.0
926 451 1.0
437 899 1.0
993 944 1.0
401 76 1.0
871 766 1.0
861 691 1.0
803 212 1.0
669 164 1.0
752 613 1.0
877 814 1.0
742 530 1.0
30 479 1.0
53 826 1.0
49 124 1.0
88 835 1.0
34 176 1.0
867 912 1.0
214 833 1.0
37 283 1.0
660 824 1.0
974 129 1.0
0 319 1.0
497 923 1.0
819 50 1.0
83 809 1.0
667 504 1.0
834 998 1.0
817 586 1.0
158 337 1.0
493 912 1.0
786 383 1.0
100 584 1.0
235 260 1.0
866 977 1.0
824 657 1.0
152 481 1.0
440 260 1.0
14 764 1.0
694 821 1.0
537 478 1.0
184 796 1.0
766 53 1.0
131 782 1.0
876 570 1.0
16 711 1.0
342 438 1.0
594 911 1.0
326 447 1.0
717 495 1.0
259 546 1.0
368 746 1.0
339 472 1.0
955 166 1.0
353 243 1.0
649 970 1.0
576 119 1.0
367 80 1.0
253 875 1.0
3 194 1.0
992 631 1.0
477 589 1.0
411 486 1.0
720 627 1.0
81 243 1.0
609 98 1.0
792 261 1.0
791 576 1.0
631 988 1.0
289 536 1.0
560 883 1.0
851 444 1.0
302 622 1.0
552 347 1.0
760 739 1.0
408 865 1.0
252 346 1.0
564 531 1.0
548 239 1.0
780 594 1.0
980 436 1.0
600 901 1.0
513 673 1.0
667 505 1.0
475 910 1.0
505 498 1.0
875 517 1.0
690 833 1.0
285 922 1.0
379 213 1.0
799 484 1.0
116 596 1.0
415 867 1.0
500 985 1.0
393 650 1.0
39 876 1.0
926 436 1.0
632 407 1.0
902 352 1.0
110 485 1.0
942 566 1.0
91 627 1.0
450 329 1.0
919 673 1.0
604 948 1.0
601 583 1.0
538 431 1.0
718 426 1.0
435 314 1.0
295 462 1.0
586 126 1.0
799 891 1.0
121 800 1.0
922 137 1.0
511 975 1.0
239 990 1.0
706 123 1.0
463 292 1.0
661 470 1.0
611 485 1.0
795 236 1.0
128 569 1.0
769 868 1.0
486 252 1.0
647 502 1.0
644 571 1.0
647 76 1.0
342 485 1.0
572 787 1.0
591 475 1.0
628 457 1.0
30 89 1.0
982 118 1.0
269 373 1.0
148 293 1.0
676 317 1.0
338 329 1.0
898 619 1.0
452 986 1.0
452 186 1.0
227 695 1.0
156 311 1.0
825 364 1.0
83 354 1.0
983 267 1.0
798 484 1.0
38 860 1.0
372 857 1.0
91 486 1.0
365 245 1.0
712 733 1.0
652 368 1.0
481 164 1.0
686 316 1.0
804 786 1.0
793 883 1.0
800 623 1.0
613 691 1.0
686 733 1.0
981 947 1.0
443 857 1.0
311 285 1.0
155 881 1.0
735 916 1.0
279 453 1.0
943 269 1.0
119 311 1.0
154 599 1.0
496 181 1.0
964 741 1.0
127 3 1.0
787 784 1.0
12 996 1.0
376 551 1.0
144 440 1.0
230 816 1.0
670 308 1.0
58 694 1.0
373 759 1.0
57 75 1.0
347 792 1.0
628 892 1.0
235 859 1.0
374 882 1.0
144 755 1.0
20 981 1.0
319 431 1.0
212 968 1.0
433 758 1.0
230 186 1.0
926 204 1.0
781 289 1.0
698 109 1.0
575 718 1.0
315 879 1.0
936 701 1.0
352 250 1.0
891 19 1.0
891 880 1.0
416 896 1.0
232 23 1.0
102 21 1.0
171 963 1.0
698 221 1.0
245 727 1.0
198 165 1.0
127 555 1.0
27 997 1.0
293 460 1.0
382 78 1.0
5 448 1.0
582 475 1.0
461 569 1.0
915 290 1.0
895 399 1.0
729 234 1.0
15 432 1.0
10 836 1.0
755 858 1.0
431 4 1.0
914 308 1.0
919 775 1.0
398 362 1.0
926 316 1.0
649 584 1.0
903 933 1.0
947 684 1.0
946 997 1.0
17 141 1.0
782 272 1.0
191 368 1.0
743 288 1.0
343 503 1.0
769 700 1.0
959 842 1.0
794 408 1.0
463 376 1.0
291 905 1.0
72 420 1.0
328 536 1.0
389 642 1.0
427 412 1.0
821 312 1.0
492 250 1.0
334 104 1.0
971 566 1.0
171 170 1.0
244 177 1.0
359 204 1.0
689 803 1.0
583 251 1.0
187 591 1.0
964 753 1.0
426 19 1.0
886 687 1.0
623 63 1.0
841 513 1.0
384 275 1.0
739 527 1.0
452 555 1.0
579 920 1.0
906 172 1.0
68 854 1.0
590 406 1.0
287 126 1.0
460 737 1.0
756 23 1.0
794 258 1.0
937 24 1.0
298 269 1.0
232 747 1.0
429 953 1.0
109 830 1.0
600 673 1.0
414 71 1.0
474 391 1.0
41 653 1.0
396 65 1.0
848 219 1.0
447 614 1.0
15 742 1.0
201 591 1.0
556 948 1.0
336 928 1.0
14 732 1.0
292 998 1.0
695 586 1.0
585 871 1.0
170 993 1.0
42 119 1.0
588 961 1.0
647 879 1.0
542 616 1.0
295 798 1.0
377 226 1.0
534 170 1.0
184 812 1.0
672 957 1.0
553 786 1.0
251 882 1.0
868 422 1.0
785 510 1.0
778 162 1.0
547 329 1.0
526 26 1.0
542 236 1.0
735 396 1.0
729 187 1.0
123 577 1.0
773 842 1.0
77 203 1.0
291 338 1.0
760 999 1.0
745 498 1.0
306 402 1.0
981 663 1.0
49 661 1.0
343 918 1.0
432 363 1.0
211 63 1.0
723 712 1.0
20 554 1.0
902 769 1.0
650 370 1.0
449 471 1.0
500 718 1.0
734 726 1.0
638 693 1.0
657 568 1.0
492 839 1.0
375 108 1.0
676 88 1.0
743 907 1.0
192 678 1.0
91 166 1.0
241 560 1.0
583 275 1.0
140 374 1.0
641 935 1.0
504 69 1.0
199 547 1.0
390 162 1.0
923 706 1.0
279 876 1.0
610 174 1.0
241 900 1.0
0 511 1.0
954 37 1.0
21 54 1.0
699 558 1.0
130 595 1.0
957 557 1.0
140 452 1.0
655 395 1.0
88 752 1.0
637 468 1.0
949 197 1.0
370 429 1.0
580 95 1.0
231 718 1.0
490 570 1.0
25 368 1.0
581 444 1.0
374 526 1.0
530 422 1.0
200 757 1.0
21 522 1.0
896 445 1.0
401 939 1.0
123 751 1.0
251 225 1.0
464 462 1.0
202 924 1.0
776 288 1.0
18 150 1.0
596 636 1.0
307 740 1.0
514 804 1.0
238 635 1.0
832 26 1.0
632 836 1.0
663 52 1.0
381 394 1.0
168 537 1.0
158 936 1.0
250 866 1.0
322 581 1.0
321 148 1.0
337 57 1.0
824 851 1.0
963 311 1.0
384 822 1.0
933 371 1.0
54 231 1.0
763 51 1.0
456 473 1.0
95 136 1.0
152 626 1.0
184 859 1.0
495 944 1.0
171 418 1.0
723 214 1.0
494 122 1.0
521 518 1.0
103 780 1.0
418 685 1.0
456 234 1.0
234 459 1.0
390 760 1.0
12 234 1.0
709 861 1.0
175 893 1.0
461 729 1.0
795 448 1.0
696 431 1.0
796 780 1.0
912 970 1.0
613 449 1.0
389 881 1.0
670 419 1.0
157 780 1.0
391 823 1.0
954 254 1.0
634 853 1.0
647 923 1.0
988 557 1.0
458 545 1.0
435 692 1.0
331 520 1.0
889 38 1.0
915 411 1.0
695 858 1.0
166 415 1.0
506 291 1.0
761 361 1.0
906 723 1.0
388 106 1.0
893 456 1.0
808 539 1.0
64 705 1.0
785 211 1.0
342 783 1.0
140 382 1.0
246 870 1.0
794 805 1.0
336 851 1.0
811 906 1.0
936 965 1.0
947 882 1.0
18 781 1.0
689 547 1.0
387 816 1.0
210 933 1.0
814 305 1.0
193 675 1.0
220 777 1.0
962 953 1.0
874 465 1.0
986 332 1.0
478 620 1.0
880 911 1.0
874 928 1.0
167 218 1.0
359 787 1.0
633 963 1.0
803 39 1.0
509 934 1.0
3 936 1.0
129 598 1.0
641 546 1.0
711 452 1.0
614 397 1.0
708 948 1.0
584 811 1.0
900 109 1.0
733 822 1.0
231 567 1.0
38 508 1.0
527 924 1.0
197 61 1.0
55 841 1.0
142 697 1.0
485 12 1.0
41 843 1.0
152 893 1.0
998 410 1.0
194 166 1.0
399 533 1.0
118 229 1.0
177 508 1.0
106 879 1.0
410 467 1.0
22 180 1.0
564 448 1.0
867 855 1.0
872 218 1.0
453 389 1.0
180 482 1.0
209 410 1.0
421 283 1.0
527 569 1.0
93 882 1.0
128 587 1.0
901 128 1.0
968 732 1.0
883 181 1.0
540 402 1.0
693 277 1.0
749 567 1.0
236 364 1.0
419 52 1.0
826 819 1.0
987 766 1.0
387 474 1.0
505 267 1.0
487 525 1.0
38 163 1.0
22 66 1.0
290 832 1.0
626 111 1.0
682 232 1.0
608 573 1.0
323 24 1.0
614 57 1.0
684 464 1.0
294 575 1.0
816 459 1.0
81 671 1.0
681 341 1.0
221 514 1.0
302 901 1.0
767 660 1.0
861 970 1.0
449 169 1.0
993 760 1.0
205 145 1.0
620 842 1.0
167 757 1.0
917 927 1.0
806 329 1.0
835 78 1.0
274 610 1.0
440 755 1.0
247 680 1.0
351 410 1.0
761 986 1.0
302 889 1.0
646 902 1.0
684 48 1.0
326 992 1.0
891 17 1.0
981 111 1.0
335 473 1.0
904 621 1.0
484 655 1.0
331 973 1.0
283 722 1.0
593 141 1.0
341 933 1.0
611 899 1.0
614 700 1.0
247 994 1.0
443 382 1.0
186 468 1.0
796 362 1.0
806 86 1.0
114 604 1.0
789 849 1.0
865 455 1.0
219 309 1.0
271 137 1.0
319 29 1.0
906 4 1.0
745 311 1.0
814 953 1.0
21 507 1.0
860 916 1.0
247 433 1.0
92 301 1.0
685 413 1.0
971 267 1.0
784 364 1.0
485 456 1.0
650 238 1.0
580 521 1.0
896 883 1.0
382 733 1.0
968 760 1.0
490 819 1.0
772 89 1.0
843 86 1.0
398 678 1.0
627 10 1.0
201 232 1.0
865 69 1.0
22 218 1.0
35 233 1.0
579 786 1.0
532 534 1.0
85 639 1.0
998 258 1.0
863 594 1.0
345 138 1.0
360 335 1.0
442 368 1.0
97 475 1.0
396 749 1.0
436 85 1.0
394 253 1.0
286 598 1.0
466 800 1.0
684 859 1.0
331 684 1.0
769 495 1.0
535 470 1.0
342 739 1.0
697 264 1.0
992 360 1.0
408 553 1.0
286 361 1.0
18 434 1.0
648 620 1.0
801 133 1.0
408 951 1.0
537 390 1.0
20 844 1.0
567 683 1.0
297 919 1.0
459 22 1.0
633 980 1.0
358 535 1.0
766 60 1.0
716 772 1.0
36 510 1.0
227 410 1.0
178 151 1.0
754 466 1.0
225 973 1.0
218 47 1.0
875 669 1.0
192 477 1.0
253 994 1.0
584 169 1.0
173 135 1.0
163 573 1.0
403 385 1.0
81 466 1.0
372 551 1.0
287 933 1.0
602 908 1.0
394 420 1.0
820 321 1.0
682 88 1.0
908 925 1.0
728 483 1.0
772 31 1.0
791 209 1.0
407 247 1.0
326 120 1.0
254 978 1.0
595 89 1.0
704 493 1.0
841 310 1.0
223 999 1.0
67 20 1.0
266 345 1.0
654 424 1.0
157 582 1.0
178 299 1.0
490 261 1.0
793 576 1.0
947 76 1.0
102 346 1.0
180 300 1.0
887 761 1.0
549 81 1.0
379 931 1.0
214 217 1.0
100 668 1.0
537 554 1.0
982 776 1.0
315 197 1.0
85 318 1.0
715 223 1.0
650 812 1.0
57 445 1.0
63 999 1.0
312 93 1.0
182 754 1.0
667 745 1.0
589 771 1.0
307 644 1.0
404 683 1.0
231 404 1.0
260 68 1.0
641 720 1.0
697 851 1.0
744 106 1.0
313 21 1.0
0 668 1.0
675 483 1.0
251 300 1.0
64 799 1.0
611 585 1.0
293 407 1.0
588 861 1.0
287 703 1.0
862 978 1.0
356 512 1.0
969 503 1.0
400 733 1.0
495 603 1.0
285 674 1.0
222 398 1.0
865 229 1.0
738 540 1.0
44 767 1.0
78 659 1.0
182 970 1.0
156 913 1.0
389 553 1.0
832 785 1.0
836 548 1.0
640 500 1.0
341 963 1.0
782 194 1.0
824 784 1.0
828 472 1.0
161 312 1.0
806 185 1.0
445 320 1.0
451 288 1.0
484 329 1.0
236 569 1.0
64 701 1.0
307 325 1.0
149 898 1.0
909 236 1.0
175 980 1.0
584 690 1.0
590 140 1.0
749 580 1.0
868 477 1.0
534 138 1.0
285 515 1.0
848 76 1.0
877 460 1.0
818 479 1.0
237 968 1.0
860 879 1.0
295 835 1.0
33 124 1.0
989 991 1.0
324 399 1.0
421 796 1.0
926 963 1.0
903 970 1.0
774 238 1.0
28 227 1.0
287 983 1.0
217 155 1.0
413 39 1.0
145 449 1.0
775 250 1.0
782 757 1.0
22 157 1.0
457 994 1.0
676 527 1.0
573 483 1.0
558 938 1.0
671 695 1.0
90 808 1.0
240 326 1.0
185 48 1.0
833 435 1.0
405 568 1.0
549 754 1.0
476 994 1.0
218 953 1.0
762 73 1.0
759 496 1.0
138 450 1.0
391 99 1.0
582 302 1.0
997 388 1.0
554 996 1.0
629 75 1.0
396 129 1.0
929 648 1.0
710 305 1.0
905 572 1.0
346 844 1.0
729 326 1.0
164 444 1.0
262 162 1.0
588 787 1.0
169 969 1.0
809 495 1.0
490 789 1.0
390 912 1.0
181 163 1.0
176 334 1.0
928 97 1.0
381 205 1.0
138 647 1.0
366 26 1.0
45 820 1.0
725 199 1.0
23 598 1.0
239 612 1.0
795 433 1.0
2 574 1.0
401 540 1.0
960 705 1.0
540 166 1.0
525 855 1.0
280 559 1.0
879 16 1.0
379 564 1.0
908 108 1.0
847 346 1.0
326 428 1.0
286 416 1.0
970 574 1.0
836 231 1.0
52 856 1.0
169 811 1.0
732 466 1.0
252 376 1.0
355 30 1.0
984 295 1.0
422 649 1.0
938 736 1.0
26 249 1.0
968 120 1.0
741 710 1.0
835 890 1.0
195 995 1.0
109 839 1.0
198 571 1.0
68 872 1.0
852 622 1.0
220 488 1.0
413 595 1.0
832 340 1.0
418 653 1.0
866 724 1.0
439 785 1.0
390 793 1.0
16 699 1.0
371 807 1.0
871 6 1.0
25 50 1.0
900 803 1.0
763 970 1.0
923 670 1.0
805 544 1.0
777 197 1.0
406 889 1.0
943 26 1.0
127 576 1.0
381 294 1.0
818 325 1.0
7 686 1.0
740 954 1.0
684 944 1.0
836 305 1.0
673 772 1.0
905 473 1.0
385 780 1.0
638 673 1.0
40 526 1.0
24 129 1.0
427 118 1.0
254 829 1.0
449 271 1.0
328 803 1.0
580 377 1.0
761 65 1.0
840 353 1.0
733 970 1.0
331 677 1.0
107 152 1.0
403 159 1.0
147 928 1.0
626 127 1.0
287 187 1.0
533 883 1.0
118 929 1.0
368 785 1.0
756 261 1.0
963 17 1.0
923 109 1.0
688 333 1.0
22 681 1.0
329 665 1.0
975 729 1.0
454 781 1.0
680 577 1.0
437 816 1.0
431 207 1.0
616 492 1.0
943 376 1.0
906 975 1.0
926 152 1.0
793 861 1.0
560 209 1.0
285 176 1.0
681 544 1.0
151 354 1.0
608 909 1.0
491 247 1.0
188 17 1.0
741 590 1.0
99 559 1.0
535 918 1.0
901 165 1.0
553 819 1.0
653 594 1.0
7 904 1.0
383 119 1.0
255 827 1.0
187 872 1.0
887 14 1.0
856 82 1.0
490 522 1.0
505 220 1.0
652 651 1.0
955 591 1.0
25 785 1.0
332 664 1.0
257 114 1.0
53 915 1.0
63 995 1.0
329 455 1.0
341 110 1.0
139 750 1.0
144 499 1.0
859 35 1.0
954 905 1.0
297 339 1.0
26 730 1.0
232 343 1.0
53 341 1.0
796 422 1.0
457 485 1.0
4 389 1.0
52 84 1.0
888 816 1.0
913 765 1.0
59 471 1.0
418 98 1.0
729 652 1.0
142 756 1.0
138 865 1.0
404 233 1.0
645 421 1.0
646 645 1.0
797 117 1.0
119 51 1.0
743 644 1.0
877 19 1.0
185 885 1.0
142 604 1.0
157 13 1.0
998 256 1.0
923 708 1.0
784 964 1.0
258 490 1.0
336 238 1.0
871 220 1.0
759 791 1.0
739 862 1.0
302 449 1.0
840 79 1.0
289 952 1.0
532 970 1.0
572 490 1.0
805 305 1.0
793 985 1.0
747 898 1.0
240 477 1.0
185 588 1.0
653 300 1.0
748 544 1.0
790 603 1.0
57 785 1.0
42 91 1.0
50 134 1.0
10 215 1.0
114 13 1.0
2 882 1.0
172 119 1.0
824 668 1.0
967 113 1.0
724 555 1.0
108 358 1.0
94 259 1.0
342 375 1.0
411 193 1.0
760 605 1.0
840 929 1.0
978 563 1.0
468 589 1.0
676 582 1.0
818 702 1.0
41 542 1.0
116 930 1.0
789 348 1.0
433 134 1.0
183 660 1.0
199 36 1.0
991 234 1.0
569 876 1.0
376 102 1.0
721 11 1.0
159 602 1.0
782 617 1.0
825 72 1.0
471 876 1.0
536 46 1.0
982 735 1.0
487 563 1.0
6 848 1.0
81 465 1.0
381 947 1.0
517 563 1.0
618 489 1.0
924 982 1.0
615 622 1.0
985 281 1.0
495 284 1.0
551 430 1.0
697 266 1.0
63 65 1.0
267 376 1.0
463 122 1.0
379 716 1.0
512 211 1.0
95 181 1.0
413 665 1.0
345 453 1.0
373 821 1.0
668 953 1.0
25 849 1.0
712 655 1.0
294 489 1.0
290 402 1.0
15 285 1.0
882 853 1.0
758 419 1.0
511 644 1.0
219 374 1.0
948 880 1.0
867 900 1.0
686 545 1.0
650 481 1.0
972 235 1.0
673 606 1.0
157 292 1.0
832 22 1.0
997 681 1.0
4 933 1.0
31 902 1.0
114 465 1.0
331 253 1.0
465 347 1.0
81 315 1.0
828 636 1.0
644 936 1.0
109 842 1.0
592 581 1.0
43 74 1.0
860 13 1.0
572 709 1.0
897 334 1.0
491 981 1.0
136 567 1.0
770 6 1.0
558 601 1.0
409 951 1.0
3 736 1.0
365 768 1.0
342 281 1.0
769 636 1.0
842 675 1.0
600 614 1.0
709 784 1.0
575 917 1.0
131 466 1.0
920 345 1.0
614 624 1.0
810 469 1.0
801 760 1.0
201 421 1.0
223 52 1.0
419 991 1.0
633 143 1.0
992 308 1.0
405 863 1.0
402 493 1.0
823 90 1.0
498 7 1.0
875 995 1.0
840 657 1.0
320 251 1.0
915 819 1.0
294 898 1.0
197 519 1.0
880 629 1.0
768 817 1.0
539 23 1.0
450 488 1.0
372 66 1.0
52 156 1.0
486 612 1.0
487 384 1.0
65 461 1.0
861 159 1.0
147 661 1.0
5 600 1.0
939 16 1.0
175 763 1.0
192 275 1.0
172 915 1.0
822 70 1.0
247 467 1.0
200 209 1.0
366 819 1.0
398 329 1.0
48 115 1.0
193 26 1.0
632 932 1.0
402 763 1.0
888 292 1.0
998 943 1.0
975 800 1.0
172 808 1.0
227 48 1.0
100 660 1.0
31 344 1.0
593 306 1.0
830 595 1.0
800 803 1.0
501 968 1.0
766 955 1.0
476 319 1.0
22 94 1.0
933 754 1.0
432 341 1.0
843 318 1.0
410 153 1.0
180 537 1.0
259 324 1.0
343 499 1.0
594 757 1.0
942 335 1.0
963 82 1.0
853 16 1.0
265 380 1.0
320 462 1.0
605 120 1.0
464 345 1.0
581 139 1.0
62 858 1.0
205 379 1.0
238 406 1.0
665 274 1.0
861 532 1.0
904 492 1.0
155 36 1.0
954 813 1.0
82 639 1.0
170 173 1.0
676 635 1.0
917 590 1.0
96 982 1.0
977 890 1.0
196 168 1.0
614 831 1.0
620 531 1.0
160 508 1.0
874 108 1.0
794 987 1.0
443 481 1.0
651 543 1.0
368 802 1.0
109 589 1.0
553 289 1.0
88 924 1.0
883 500 1.0
971 862 1.0
35 880 1.0
11 751 1.0
841 797 1.0
642 258 1.0
102 454 1.0
577 697 1.0
85 103 1.0
301 603 1.0
821 207 1.0
709 125 1.0
969 36 1.0
349 213 1.0
772 119 1.0
99 882 1.0
67 335 1.0
547 259 1.0
236 471 1.0
629 408 1.0
455 366 1.0
371 115 1.0
344 737 1.0
425 800 1.0
498 28 1.0
434 431 1.0
500 144 1.0
481 87 1.0
496 443 1.0
445 354 1.0
743 341 1.0
602 806 1.0
653 975 1.0
487 264 1.0
531 163 1.0
314 40 1.0
399 304 1.0
861 505 1.0
693 957 1.0
324 551 1.0
585 459 1.0
620 225 1.0
18 750 1.0
93 542 1.0
913 882 1.0
937 521 1.0
359 135 1.0
674 951 1.0
338 86 1.0
543 390 1.0
343 259 1.0
535 262 1.0
281 235 1.0
867 545 1.0
680 533 1.0
304 187 1.0
867 827 1.0
450 420 1.0
494 655 1.0
858 427 1.0
299 288 1.0
313 682 1.0
277 724 1.0
34 6 1.0
800 909 1.0
123 246 1.0
410 510 1.0
44 505 1.0
69 557 1.0
165 418 1.0
98 728 1.0
868 653 1.0
766 778 1.0
781 241 1.0
928 357 1.0
415 53 1.0
929 974 1.0
413 580 1.0
410 461 1.0
306 747 1.0
913 244 1.0
99 744 1.0
795 326 1.0
489 738 1.0
795 999 1.0
596 117 1.0
241 975 1.0
720 12 1.0
404 120 1.0
43 127 1.0
640 213 1.0
516 701 1.0
384 940 1.0
469 320 1.0
36 314 1.0
450 621 1.0
235 931 1.0
928 627 1.0
899 648 1.0
222 681 1.0
371 504 1.0
446 546 1.0
183 50 1.0
948 314 1.0
195 751 1.0
229 599 1.0
918 146 1.0
881 538 1.0
369 153 1.0
354 46 1.0
757 787 1.0
882 837 1.0
552 297 1.0
216 840 1.0
560 934 1.0
315 301 1.0
261 201 1.0
861 352 1.0
363 512 1.0
768 476 1.0
605 269 1.0
564 849 1.0
451 298 1.0
671 677 1.0
356 150 1.0
34 997 1.0
372 695 1.0
787 939 1.0
543 462 1.0
965 990 1.0
187 984 1.0
728 263 1.0
122 578 1.0
751 152 1.0
501 226 1.0
421 869 1.0
809 322 1.0
551 892 1.0
93 910 1.0
868 270 1.0
866 322 1.0
999 125 1.0
657 742 1.0
171 14 1.0
256 316 1.0
69 22 1.0
149 854 1.0
854 543 1.0
408 458 1.0
326 425 1.0
957 807 1.0
497 723 1.0
383 455 1.0
877 873 1.0
774 693 1.0
578 37 1.0
993 454 1.0
240 272 1.0
124 585 1.0
188 391 1.0
491 289 1.0
330 24 1.0
21 215 1.0
972 292 1.0
193 58 1.0
289 732 1.0
707 376 1.0
310 294 1.0
440 628 1.0
288 40 1.0
845 288 1.0
527 537 1.0
163 538 1.0
853 956 1.0
918 288 1.0
476 373 1.0
505 805 1.0
75 19 1.0
802 740 1.0
153 799 1.0
428 249 1.0
376 25 1.0
696 885 1.0
747 696 1.0
842 832 1.0
255 688 1.0
106 167 1.0
597 226 1.0
423 373 1.0
438 321 1.0
453 747 1.0
957 817 1.0
864 346 1.0
752 544 1.0
990 932 1.0
247 711 1.0
753 921 1.0
435 40 1.0
578 229 1.0
816 934 1.0
110 492 1.0
491 202 1.0
685 505 1.0
739 257 1.0
485 264 1.0
635 216 1.0
379 25 1.0
590 283 1.0
330 549 1.0
730 375 1.0
264 688 1.0
717 525 1.0
936 823 1.0
602 432 1.0
491 921 1.0
213 219 1.0
461 960 1.0
330 469 1.0
182 375 1.0
385 598 1.0
789 794 1.0
997 201 1.0
206 363 1.0
159 490 1.0
533 921 1.0
951 167 1.0
145 360 1.0
339 41 1.0
689 870 1.0
686 345 1.0
785 913 1.0
210 821 1.0
646 331 1.0
421 506 1.0
373 624 1.0
600 417 1.0
72 405 1.0
938 156 1.0
984 576 1.0
393 351 1.0
35 52 1.0
617 65 1.0
799 27 1.0
570 266 1.0
453 636 1.0
573 781 1.0
510 796 1.0
287 909 1.0
761 766 1.0
45 289 1.0
290 357 1.0
550 673 1.0
844 582 1.0
900 168 1.0
104 593 1.0
274 786 1.0
883 447 1.0
774 869 1.0
523 850 1.0
472 49 1.0
626 945 1.0
201 522 1.0
729 507 1.0
845 938 1.0
910 537 1.0
457 961 1.0
990 934 1.0
188 975 1.0
899 264 1.0
65 910 1.0
558 734 1.0
99 746 1.0
733 681 1.0
712 114 1.0
430 813 1.0
151 270 1.0
882 198 1.0
673 792 1.0
418 237 1.0
66 901 1.0
189 523 1.0
904 435 1.0
512 626 1.0
603 402 1.0
611 313 1.0
403 53 1.0
810 718 1.0
149 448 1.0
993 643 1.0
670 65 1.0
991 787 1.0
557 776 1.0
867 667 1.0
813 952 1.0
962 132 1.0
400 598 1.0
526 677 1.0
36 831 1.0
767 498 1.0
466 835 1.0
510 282 1.0
449 470 1.0
284 66 1.0
975 219 1.0
415 221 1.0
224 321 1.0
661 269 1.0
508 864 1.0
639 816 1.0
757 330 1.0
335 261 1.0
302 116 1.0
489 454 1.0
36 492 1.0
733 70 1.0
208 250 1.0
867 474 1.0
931 177 1.0
61 633 1.0
897 612 1.0
64 718 1.0
766 931 1.0
546 266 1.0
851 93 1.0
357 420 1.0
977 853 1.0
962 499 1.0
484 464 1.0
655 695 1.0
617 955 1.0
161 597 1.0
463 926 1.0
386 530 1.0
138 5 1.0
187 597 1.0
467 723 1.0
434 663 1.0
8 527 1.0
901 747 1.0
714 128 1.0
725 896 1.0
753 186 1.0
780 20 1.0
946 985 1.0
886 232 1.0
625 547 1.0
835 744 1.0
190 160 1.0
619 609 1.0
140 723 1.0
144 995 1.0
845 479 1.0
991 316 1.0
567 408 1.0
553 137 1.0
215 59 1.0
670 649 1.0
620 352 1.0
288 464 1.0
176 0 1.0
917 69 1.0
628 335 1.0
702 760 1.0
830 209 1.0
154 882 1.0
443 710 1.0
975 785 1.0
518 703 1.0
761 987 1.0
646 56 1.0
112 807 1.0
148 630 1.0
614 233 1.0
42 0 1.0
214 13 1.0
804 64 1.0
382 625 1.0
114 313 1.0
373 525 1.0
884 815 1.0
997 411 1.0
916 716 1.0
897 633 1.0
735 175 1.0
560 171 1.0
523 740 1.0
408 219 1.0
866 57 1.0
395 939 1.0
598 668 1.0
485 759 1.0
706 960 1.0
635 774 1.0
806 614 1.0
732 511 1.0
987 198 1.0
452 638 1.0
27 941 1.0
692 774 1.0
714 830 1.0
551 716 1.0
511 685 1.0
459 899 1.0
620 615 1.0
896 116 1.0
779 503 1.0
50 543 1.0
331 893 1.0
705 952 1.0
348 800 1.0
405 884 1.0
958 410 1.0
392 107 1.0
374 657 1.0
967 653 1.0
41 113 1.0
409 399 1.0
7 500 1.0
757 237 1.0
432 468 1.0
224 447 1.0
882 229 1.0
780 453 1.0
280 854 1.0
242 805 1.0
92 582 1.0
25 738 1.0
157 944 1.0
619 884 1.0
609 921 1.0
350 636 1.0
332 414 1.0
209 102 1.0
599 257 1.0
474 414 1.0
625 195 1.0
198 901 1.0
721 232 1.0
481 492 1.0
873 448 1.0
713 437 1.0
259 289 1.0
190 799 1.0
401 416 1.0
709 728 1.0
724 159 1.0
272 546 1.0
139 445 1.0
622 920 1.0
390 715 1.0
489 679 1.0
791 147 1.0
859 560 1.0
23 921 1.0
631 610 1.0
487 652 1.0
454 418 1.0
251 323 1.0
854 92 1.0
824 985 1.0
900 512 1.0
63 291 1.0
571 792 1.0
423 38 1.0
923 238 1.0
78 996 1.0
50 808 1.0
16 397 1.0
197 310 1.0
534 8 1.0
944 112 1.0
680 873 1.0
337 49 1.0
220 2 1.0
233 584 1.0
331 564 1.0
362 180 1.0
66 92 1.0
145 13 1.0
870 888 1.0
581 440 1.0
647 681 1.0
294 865 1.0
157 25 1.0
374 487 1.0
142 836 1.0
907 61 1.0
365 336 1.0
178 717 1.0
924 358 1.0
21 229 1.0
491 368 1.0
214 499 1.0
797 451 1.0
761 362 1.0
578 164 1.0
837 293 1.0
87 77 1.0
915 593 1.0
655 62 1.0
421 260 1.0
677 102 1.0
240 418 1.0
295 913 1.0
353 604 1.0
852 376 1.0
635 392 1.0
342 158 1.0
280 950 1.0
497 71 1.0
155 975 1.0
585 730 1.0
715 134 1.0
919 134 1.0
810 464 1.0
148 605 1.0
282 333 1.0
108 245 1.0
558 974 1.0
349 923 1.0
956 848 1.0
308 372 1.0
822 910 1.0
48 949 1.0
100 498 1.0
319 483 1.0
29 817 1.0
120 426 1.0
736 644 1.0
684 839 1.0
894 174 1.0
693 674 1.0
220 810 1.0
8 202 1.0
142 847 1.0
131 765 1.0
245 901 1.0
742 55 1.0
802 288 1.0
894 911 1.0
744 49 1.0
477 551 1.0
149 18 1.0
379 419 1.0
952 232 1.0
668 816 1.0
102 394 1.0
36 956 1.0
507 366 1.0
548 245 1.0
748 423 1.0
342 568 1.0
35 850 1.0
522 786 1.0
514 949 1.0
219 967 1.0
141 971 1.0
617 300 1.0
572 582 1.0
65 130 1.0
453 437 1.0
62 180 1.0
669 133 1.0
155 885 1.0
448 658 1.0
422 404 1.0
164 725 1.0
255 489 1.0
562 580 1.0
918 439 1.0
324 759 1.0
359 578 1.0
968 966 1.0
425 64 1.0
786 446 1.0
42 642 1.0
773 939 1.0
452 441 1.0
307 229 1.0
875 987 1.0
176 77 1.0
653 973 1.0
794 190 1.0
464 119 1.0
723 534 1.0
526 669 1.0
421 956 1.0
555 211 1.0
340 113 1.0
981 630 1.0
920 41 1.0
347 335 1.0
463 177 1.0
527 608 1.0
559 568 1.0
587 742 1.0
801 687 1.0
63 135 1.0
502 107 1.0
457 443 1.0
598 239 1.0
930 581 1.0
452 917 1.0
727 537 1.0
643 227 1.0
878 173 1.0
979 488 1.0
748 793 1.0
820 990 1.0
725 273 1.0
224 934 1.0
76 935 1.0
565 82 1.0
581 531 1.0
249 59 1.0
698 357 1.0
924 337 1.0
603 639 1.0
400 401 1.0
316 365 1.0
76 110 1.0
514 390 1.0
188 154 1.0
226 603 1.0
592 739 1.0
600 96 1.0
796 190 1.0
123 51 1.0
24 89 1.0
169 759 1.0
691 372 1.0
571 473 1.0
767 426 1.0
691 273 1.0
368 102 1.0
751 791 1.0
283 608 1.0
116 952 1.0
383 616 1.0
330 392 1.0
742 599 1.0
334 158 1.0
532 602 1.0
379 581 1.0
735 880 1.0
992 103 1.0
717 361 1.0
644 58 1.0
416 206 1.0
36 485 1.0
116 374 1.0
980 921 1.0
71 516 1.0
417 193 1.0
560 651 1.0
709 564 1.0
745 980 1.0
842 936 1.0
725 748 1.0
709 398 1.0
545 73 1.0
644 306 1.0
126 675 1.0
544 978 1.0
997 453 1.0
476 380 1.0
185 362 1.0
251 538 1.0
272 914 1.0
85 654 1.0
666 92 1.0
274 568 1.0
856 60 1.0
284 429 1.0
485 604 1.0
505 791 1.0
944 20 1.0
311 9 1.0
144 643 1.0
830 530 1.0
14 933 1.0
641 911 1.0
934 253 1.0
284 466 1.0
461 858 1.0
607 551 1.0
300 395 1.0
705 595 1.0
723 76 1.0
565 429 1.0
750 265 1.0
928 927 1.0
155 680 1.0
992 180 1.0
450 697 1.0
758 905 1.0
779 822 1.0
676 301 1.0
363 693 1.0
592 730 1.0
286 587 1.0
95 484 1.0
734 696 1.0
738 758 1.0
706 727 1.0
723 762 1.0
175 100 1.0
680 199 1.0
482 126 1.0
495 634 1.0
748 340 1.0
728 408 1.0
678 847 1.0
408 467 1.0
949 66 1.0
508 549 1.0
325 884 1.0
160 2 1.0
13 473 1.0
997 243 1.0
112 10 1.0
112 292 1.0
587 423 1.0
566 605 1.0
174 157 1.0
996 358 1.0
58 158 1.0
733 53 1.0
77 78 1.0
837 810 1.0
525 745 1.0
985 783 1.0
682 946 1.0
650 459 1.0
821 720 1.0
19 397 1.0
737 763 1.0
783 598 1.0
901 110 1.0
96 659 1.0
482 429 1.0
371 893 1.0
595 958 1.0
386 247 1.0
735 289 1.0
242 631 1.0
243 199 1.0
388 983 1.0
513 5 1.0
432 24 1.0
611 229 1.0
387 350 1.0
822 397 1.0
273 969 1.0
505 451 1.0
290 768 1.0
419 834 1.0
681 53 1.0
431 451 1.0
95 373 1.0
387 183 1.0
956 695 1.0
468 258 1.0
518 786 1.0
259 31 1.0
680 881 1.0
442 999 1.0
916 96 1.0
95 340 1.0
744 941 1.0
984 943 1.0
213 721 1.0
741 88 1.0
938 535 1.0
841 12 1.0
933 857 1.0
329 742 1.0
210 776 1.0
266 112 1.0
769 970 1.0
238 232 1.0
292 371 1.0
807 662 1.0
270 951 1.0
762 402 1.0
564 635 1.0
238 256 1.0
111 201 1.0
42 69 1.0
832 906 1.0
673 256 1.0
266 35 1.0
865 372 1.0
804 411 1.0
143 2 1.0
172 553 1.0
908 377 1.0
204 87 1.0
891 856 1.0
607 699 1.0
240 776 1.0
92 723 1.0
273 12 1.0
122 710 1.0
218 551 1.0
808 560 1.0
984 323 1.0
179 273 1.0
770 495 1.0
602 936 1.0
630 908 1.0
612 218 1.0
80 557 1.0
484 702 1.0
641 621 1.0
415 653 1.0
768 884 1.0
827 843 1.0
389 816 1.0
105 238 1.0
448 374 1.0
260 20 1.0
342 384 1.0
136 559 1.0
612 693 1.0
683 169 1.0
33 350 1.0
166 258 1.0
760 229 1.0
363 559 1.0
755 701 1.0
201 754 1.0
216 903 1.0
299 855 1.0
504 361 1.0
564 882 1.0
978 62 1.0
439 251 1.0
836 394 1.0
862 411 1.0
402 925 1.0
242 175 1.0
444 613 1.0
114 194 1.0
252 606 1.0
241 348 1.0
109 819 1.0
684 639 1.0
149 379 1.0
841 109 1.0
395 927 1.0
554 693 1.0
761 208 1.0
15 878 1.0
410 331 1.0
783 32 1.0
492 302 1.0
255 295 1.0
263 610 1.0
544 265 1.0
764 872 1.0
797 20 1.0
471 22 1.0
154 115 1.0
533 353 1.0
470 976 1.0
294 818 1.0
489 312 1.0
787 859 1.0
118 860 1.0
856 169 1.0
266 916 1.0
899 737 1.0
34 75 1.0
427 740 1.0
112 408 1.0
113 501 1.0
271 465 1.0
313 303 1.0
610 615 1.0
674 841 1.0
384 734 1.0
41 763 1.0
514 867 1.0
602 464 1.0
267 398 1.0
255 292 1.0
238 680 1.0
726 461 1.0
948 555 1.0
94 820 1.0
35 487 1.0
986 290 1.0
375 152 1.0
764 341 1.0
836 186 1.0
202 986 1.0
497 208 1.0
637 362 1.0
894 614 1.0
669 783 1.0
742 492 1.0
85 461 1.0
662 867 1.0
724 107 1.0
515 367 1.0
138 514 1.0
287 621 1.0
766 914 1.0
541 812 1.0
878 457 1.0
976 342 1.0
95 717 1.0
279 733 1.0
72 558 1.0
371 64 1.0
707 527 1.0
511 725 1.0
308 860 1.0
911 838 1.0
7 347 1.0
249 854 1.0
781 493 1.0
478 243 1.0
439 723 1.0
769 363 1.0
361 475 1.0
782 928 1.0
728 74 1.0
820 670 1.0
540 24 1.0
795 153 1.0
942 633 1.0
550 130 1.0
187 129 1.0
482 865 1.0
966 149 1.0
981 105 1.0
785 990 1.0
815 896 1.0
772 822 1.0
107 950 1.0
364 906 1.0
958 691 1.0
717 96 1.0
791 251 1.0
664 104 1.0
245 251 1.0
909 429 1.0
356 370 1.0
249 883 1.0
903 435 1.0
161 296 1.0
823 79 1.0
501 484 1.0
450 525 1.0
750 50 1.0
212 460 1.0
345 77 1.0
910 568 1.0
88 155 1.0
68 965 1.0
185 740 1.0
233 842 1.0
495 670 1.0
344 330 1.0
503 173 1.0
529 764 1.0
967 873 1.0
177 432 1.0
31 98 1.0
339 528 1.0
58 734 1.0
570 889 1.0
734 678 1.0
292 785 1.0
511 999 1.0
784 480 1.0
415 260 1.0
552 225 1.0
185 470 1.0
311 968 1.0
201 430 1.0
980 122 1.0
581 783 1.0
653 18 1.0
870 310 1.0
340 816 1.0
623 795 1.0
261 473 1.0
172 696 1.0
853 124 1.0
932 326 1.0
700 441 1.0
400 116 1.0
123 849 1.0
73 530 1.0
271 611 1.0
156 567 1.0
843 730 1.0
673 576 1.0
25 225 1.0
967 90 1.0
34 633 1.0
474 53 1.0
376 879 1.0
13 721 1.0
619 633 1.0
968 217 1.0
736 319 1.0
98 932 1.0
979 556 1.0
639 465 1.0
822 915 1.0
386 72 1.0
935 556 1.0
220 141 1.0
870 950 1.0
651 182 1.0
147 196 1.0
979 298 1.0
924 66 1.0
336 913 1.0
449 216 1.0
229 715 1.0
358 404 1.0
351 367 1.0
451 27 1.0
454 105 1.0
826 424 1.0
796 582 1.0
138 601 1.0
129 825 1.0
681 705 1.0
666 730 1.0
863 955 1.0
173 721 1.0
850 87 1.0
273 706 1.0
817 180 1.0
277 611 1.0
247 373 1.0
741 58 1.0
565 389 1.0
181 984 1.0
371 444 1.0
587 42 1.0
855 441 1.0
656 348 1.0
107 615 1.0
255 134 1.0
107 866 1.0
404 473 1.0
516 25 1.0
863 664 1.0
414 195 1.0
174 353 1.0
459 404 1.0
541 643 1.0
109 974 1.0
809 976 1.0
291 634 1.0
192 570 1.0
132 959 1.0
562 543 1.0
313 247 1.0
547 374 1.0
447 70 1.0
270 272 1.0
90 276 1.0
730 322 1.0
563 168 1.0
73 936 1.0
667 204 1.0
676 601 1.0
381 774 1.0
103 959 1.0
159 426 1.0
811 877 1.0
96 682 1.0
238 321 1.0
923 824 1.0
684 97 1.0
859 56 1.0
625 175 1.0
844 969 1.0
116 223 1.0
880 290 1.0
446 734 1.0
807 878 1.0
128 106 1.0
837 370 1.0
496 342 1.0
271 252 1.0
820 324 1.0
677 779 1.0
340 914 1.0
474 19 1.0
460 408 1.0
183 368 1.0
983 798 1.0
995 679 1.0
77 528 1.0
701 954 1.0
277 43 1.0
463 882 1.0
211 647 1.0
413 12 1.0
11 212 1.0
355 367 1.0
131 799 1.0
411 754 1.0
956 468 1.0
556 464 1.0
697 747 1.0
491 877 1.0
647 428 1.0
53 815 1.0
243 245 1.0
826 487 1.0
926 880 1.0
60 352 1.0
348 239 1.0
165 700 1.0
799 138 1.0
604 868 1.0
56 933 1.0
752 406 1.0
335 245 1.0
466 414 1.0
549 33 1.0
831 559 1.0
873 50 1.0
780 689 1.0
495 893 1.0
808 747 1.0
370 5 1.0
372 159 1.0
826 443 1.0
765 410 1.0
518 120 1.0
745 506 1.0
972 103 1.0
949 760 1.0
763 157 1.0
877 790 1.0
943 667 1.0
236 592 1.0
941 688 1.0
358 132 1.0
490 728 1.0
869 619 1.0
295 842 1.0
249 584 1.0
759 459 1.0
558 653 1.0
983 917 1.0
713 10 1.0
173 229 1.0
939 904 1.0
290 502 1.0
660 719 1.0
999 608 1.0
640 246 1.0
675 901 1.0
765 689 1.0
154 824 1.0
907 906 1.0
759 30 1.0
594 378 1.0
899 670 1.0
694 470 1.0
427 770 1.0
494 244 1.0
365 486 1.0
96 37 1.0
722 254 1.0
327 643 1.0
414 497 1.0
253 161 1.0
395 306 1.0
584 408 1.0
97 819 1.0
696 886 1.0
401 521 1.0
967 614 1.0
828 565 1.0
311 220 1.0
32 959 1.0
559 296 1.0
790 136 1.0
61 981 1.0
86 439 1.0
698 206 1.0
58 475 1.0
965 542 1.0
383 968 1.0
926 121 1.0
14 375 1.0
740 605 1.0
392 739 1.0
11 400 1.0
376 400 1.0
551 51 1.0
52 109 1.0
783 723 1.0
772 528 1.0
138 964 1.0
105 710 1.0
628 190 1.0
119 210 1.0
218 322 1.0
466 130 1.0
777 596 1.0
668 175 1.0
866 528 1.0
77 379 1.0
345 942 1.0
209 610 1.0
481 823 1.0
886 451 1.0
609 367 1.0
258 382 1.0
873 635 1.0
744 670 1.0
421 106 1.0
36 878 1.0
936 574 1.0
74 797 1.0
514 473 1.0
850 892 1.0
91 994 1.0
750 28 1.0
493 423 1.0
394 193 1.0
444 850 1.0
859 19 1.0
561 687 1.0
384 106 1.0
34 577 1.0
236 960 1.0
4 450 1.0
537 400 1.0
585 313 1.0
901 994 1.0
785 275 1.0
528 678 1.0
333 612 1.0
556 30 1.0
558 349 1.0
475 678 1.0
194 790 1.0
524 285 1.0
455 170 1.0
166 11 1.0
966 679 1.0
851 67 1.0
257 237 1.0
518 880 1.0
932 612 1.0
237 345 1.0
287 896 1.0
383 62 1.0
785 326 1.0
565 282 1.0
542 918 1.0
397 593 1.0
226 552 1.0
538 17 1.0
380 321 1.0
781 890 1.0
579 365 1.0
407 904 1.0
627 876 1.0
291 349 1.0
953 591 1.0
248 281 1.0
50 1 1.0
837 268 1.0
528 576 1.0
851 904 1.0
596 418 1.0
670 785 1.0
844 59 1.0
644 710 1.0
494 163 1.0
51 799 1.0
907 330 1.0
847 110 1.0
381 22 1.0
561 72 1.0
520 969 1.0
592 699 1.0
940 637 1.0
540 279 1.0
72 553 1.0
61 359 1.0
952 123 1.0
696 711 1.0
656 181 1.0
202 877 1.0
279 250 1.0
850 217 1.0
861 431 1.0
444 516 1.0
143 705 1.0
889 234 1.0
932 583 1.0
652 693 1.0
738 816 1.0
43 649 1.0
131 896 1.0
299 151 1.0
698 226 1.0
575 486 1.0
52 709 1.0
342 395 1.0
465 249 1.0
720 356 1.0
587 536 1.0
185 526 1.0
468 183 1.0
213 260 1.0
20 188 1.0
89 209 1.0
993 743 1.0
656 482 1.0
629 307 1.0
939 894 1.0
571 755 1.0
319 543 1.0
106 783 1.0
603 217 1.0
472 662 1.0
662 744 1.0
935 100 1.0
677 955 1.0
778 355 1.0
202 53 1.0
40 955 1.0
541 192 1.0
208 811 1.0
815 106 1.0
587 783 1.0
290 57 1.0
701 202 1.0
298 544 1.0
148 307 1.0
870 282 1.0
279 266 1.0
70 867 1.0
703 249 1.0
54 4 1.0
800 396 1.0
706 846 1.0
217 51 1.0
936 51 1.0
279 837 1.0
472 977 1.0
782 93 1.0
566 552 1.0
638 81 1.0
546 296 1.0
255 231 1.0
470 362 1.0
945 743 1.0
427 327 1.0
902 161 1.0
471 564 1.0
12 318 1.0
629 109 1.0
80 697 1.0
950 29 1.0
196 288 1.0
684 780 1.0
105 10 1.0
74 80 1.0
597 1 1.0
877 943 1.0
278 399 1.0
229 769 1.0
333 170 1.0
140 289 1.0
29 728 1.0
191 270 1.0
350 705 1.0
446 155 1.0
286 986 1.0
57 455 1.0
511 461 1.0
522 616 1.0
724 632 1.0
62 656 1.0
811 375 1.0
348 763 1.0
860 629 1.0
267 780 1.0
137 785 1.0
528 685 1.0
971 475 1.0
229 613 1.0
378 566 1.0
347 25 1.0
701 205 1.0
728 574 1.0
109 32 1.0
617 34 1.0
351 125 1.0
729 880 1.0
622 89 1.0
687 386 1.0
980 366 1.0
20 551 1.0
609 613 1.0
138 44 1.0
378 291 1.0
245 220 1.0
955 821 1.0
429 378 1.0
613 493 1.0
786 732 1.0
832 308 1.0
598 711 1.0
209 720 1.0
838 759 1.0
837 997 1.0
457 541 1.0
564 325 1.0
567 616 1.0
574 562 1.0
274 399 1.0
873 544 1.0
688 35 1.0
80 734 1.0
86 695 1.0
236 707 1.0
334 697 1.0
783 410 1.0
218 448 1.0
516 760 1.0
878 141 1.0
920 923 1.0
97 36 1.0
315 82 1.0
612 426 1.0
239 905 1.0
768 502 1.0
535 259 1.0
196 506 1.0
889 536 1.0
365 880 1.0
820 343 1.0
540 407 1.0
738 762 1.0
115 61 1.0
295 886 1.0
439 940 1.0
455 178 1.0
215 399 1.0
891 781 1.0
282 915 1.0
220 209 1.0
541 696 1.0
446 804 1.0
563 224 1.0
54 228 1.0
18 428 1.0
916 448 1.0
676 68 1.0
402 355 1.0
186 125 1.0
250 298 1.0
747 641 1.0
650 290 1.0
923 789 1.0
91 213 1.0
126 51 1.0
200 718 1.0
253 603 1.0
11 717 1.0
984 585 1.0
477 916 1.0
380 335 1.0
886 528 1.0
853 686 1.0
344 225 1.0
621 451 1.0
688 311 1.0
346 293 1.0
381 358 1.0
907 570 1.0
783 36 1.0
643 63 1.0
240 688 1.0
356 591 1.0
446 674 1.0
693 488 1.0
374 992 1.0
285 963 1.0
346 852 1.0
388 731 1.0
820 168 1.0
936 850 1.0
224 516 1.0
341 384 1.0
69 932 1.0
540 110 1.0
756 812 1.0
541 412 1.0
471 605 1.0
244 401 1.0
259 263 1.0
591 809 1.0
158 687 1.0
629 293 1.0
857 568 1.0
680 761 1.0
694 3 1.0
99 103 1.0
538 97 1.0
637 46 1.0
564 893 1.0
28 375 1.0
900 588 1.0
338 323 1.0
276 646 1.0
203 752 1.0
586 124 1.0
116 155 1.0
323 641 1.0
781 381 1.0
233 67 1.0
552 200 1.0
614 818 1.0
559 705 1.0
918 381 1.0
177 765 1.0
112 41 1.0
277 741 1.0
981 723 1.0
780 436 1.0
327 538 1.0
483 757 1.0
699 920 1.0
294 935 1.0
855 832 1.0
718 851 1.0
20 679 1.0
555 802 1.0
372 580 1.0
627 809 1.0
844 369 1.0
913 790 1.0
755 9 1.0
621 57 1.0
889 866 1.0
34 558 1.0
616 794 1.0
178 80 1.0
494 748 1.0
364 981 1.0
689 322 1.0
583 982 1.0
57 889 1.0
331 197 1.0
632 298 1.0
710 942 1.0
933 181 1.0
837 272 1.0
316 533 1.0
86 67 1.0
711 216 1.0
580 386 1.0
640 446 1.0
218 176 1.0
651 623 1.0
102 788 1.0
33 575 1.0
511 302 1.0
311 540 1.0
952 81 1.0
331 611 1.0
922 193 1.0
847 952 1.0
757 196 1.0
51 100 1.0
663 931 1.0
23 999 1.0
994 487 1.0
13 861 1.0
370 222 1.0
243 306 1.0
164 909 1.0
191 865 1.0
608 37 1.0
384 333 1.0
104 295 1.0
339 904 1.0
782 458 1.0
884 275 1.0
857 754 1.0
168 400 1.0
392 712 1.0
145 844 1.0
308 254 1.0
481 656 1.0
810 881 1.0
477 965 1.0
399 719 1.0
763 221 1.0
945 688 1.0
460 95 1.0
372 943 1.0
578 481 1.0
242 856 1.0
594 509 1.0
705 633 1.0
835 86 1.0
929 779 1.0
605 146 1.0
619 303 1.0
947 575 1.0
954 410 1.0
776 935 1.0
365 691 1.0
405 22 1.0
123 962 1.0
225 808 1.0
133 481 1.0
967 206 1.0
974 636 1.0
843 343 1.0
230 682 1.0
748 760 1.0
746 875 1.0
163 263 1.0
973 193 1.0
10 689 1.0
443 193 1.0
998 393 1.0
8 873 1.0
93 650 1.0
980 761 1.0
408 401 1.0
713 476 1.0
10 742 1.0
571 638 1.0
366 393 1.0
606 20 1.0
148 910 1.0
412 529 1.0
156 995 1.0
396 525 1.0
232 751 1.0
555 725 1.0
742 51 1.0
54 152 1.0
708 722 1.0
685 398 1.0
282 609 1.0
466 817 1.0
107 481 1.0
247 261 1.0
947 826 1.0
355 825 1.0
913 360 1.0
133 60 1.0
46 24 1.0
415 371 1.0
140 808 1.0
20 31 1.0
984 300 1.0
273 153 1.0
176 813 1.0
87 304 1.0
455 591 1.0
186 904 1.0
628 50 1.0
154 491 1.0
460 614 1.0
813 37 1.0
455 518 1.0
835 851 1.0
502 842 1.0
263 493 1.0
844 767 1.0
621 85 1.0
696 620 1.0
587 860 1.0
457 472 1.0
251 65 1.0
296 471 1.0
375 331 1.0
921 244 1.0
635 68 1.0
289 566 1.0
367 6 1.0
625 396 1.0
250 71 1.0
721 403 1.0
719 758 1.0
765 404 1.0
571 221 1.0
235 600 1.0
748 823 1.0
370 750 1.0
203 952 1.0
21 825 1.0
458 698 1.0
821 836 1.0
439 668 1.0
130 271 1.0
271 946 1.0
466 865 1.0
867 834 1.0
373 690 1.0
142 975 1.0
147 37 1.0
194 542 1.0
827 797 1.0
740 233 1.0
485 679 1.0
150 628 1.0
836 652 1.0
274 946 1.0
724 516 1.0
399 225 1.0
141 418 1.0
276 899 1.0
534 589 1.0
715 265 1.0
954 18 1.0
583 320 1.0
686 629 1.0
62 357 1.0
496 207 1.0
55 906 1.0
873 742 1.0
323 881 1.0
396 746 1.0
144 349 1.0
316 315 1.0
241 118 1.0
353 222 1.0
519 91 1.0
19 727 1.0
259 951 1.0
29 806 1.0
368 6 1.0
91 916 1.0
437 398 1.0
635 148 1.0
993 505 1.0
824 980 1.0
253 215 1.0
593 299 1.0
501 438 1.0
182 162 1.0
614 731 1.0
667 77 1.0
137 552 1.0
794 497 1.0
966 22 1.0
894 189 1.0
249 105 1.0
586 779 1.0
761 641 1.0
301 349 1.0
139 573 1.0
600 418 1.0
122 783 1.0
909 176 1.0
826 164 1.0
570 441 1.0
424 171 1.0
652 512 1.0
243 843 1.0
676 123 1.0
974 335 1.0
837 784 1.0
995 291 1.0
83 289 1.0
952 485 1.0
12 690 1.0
421 263 1.0
370 663 1.0
420 225 1.0
751 473 1.0
712 881 1.0
256 447 1.0
726 236 1.0
962 367 1.0
142 516 1.0
727 892 1.0
737 89 1.0
146 598 1.0
716 730 1.0
166 559 1.0
724 115 1.0
194 634 1.0
704 862 1.0
271 684 1.0
570 252 1.0
384 413 1.0
941 458 1.0
152 869 1.0
32 415 1.0
55 209 1.0
840 458 1.0
21 509 1.0
993 637 1.0
141 377 1.0
646 414 1.0
635 669 1.0
100 475 1.0
286 38 1.0
291 363 1.0
918 33 1.0
420 681 1.0
654 917 1.0
427 546 1.0
546 291 1.0
990 491 1.0
290 663 1.0
715 910 1.0
69 245 1.0
589 907 1.0
62 982 1.0
472 177 1.0
906 579 1.0
792 156 1.0
304 646 1.0
806 870 1.0
703 389 1.0
514 432 1.0
98 968 1.0
705 623 1.0
663 88 1.0
976 361 1.0
819 0 1.0
30 687 1.0
759 173 1.0
566 387 1.0
630 160 1.0
402 489 1.0
380 472 1.0
192 143 1.0
184 665 1.0
817 46 1.0
778 609 1.0
108 904 1.0
549 360 1.0
343 674 1.0
189 53 1.0
430 465 1.0
106 941 1.0
129 22 1.0
963 197 1.0
978 316 1.0
107 796 1.0
28 710 1.0
479 12 1.0
389 875 1.0
166 904 1.0
484 644 1.0
119 557 1.0
155 746 1.0
5 938 1.0
373 882 1.0
366 282 1.0
88 778 1.0
695 70 1.0
244 963 1.0
593 701 1.0
986 494 1.0
279 861 1.0
750 361 1.0
437 401 1.0
573 577 1.0
610 523 1.0
471 775 1.0
798 512 1.0
197 645 1.0
476 417 1.0
171 960 1.0
929 566 1.0
439 365 1.0
666 514 1.0
399 37 1.0
90 108 1.0
911 763 1.0
393 897 1.0
928 546 1.0
45 157 1.0
586 89 1.0
260 825 1.0
10 560 1.0
520 587 1.0
588 330 1.0
561 203 1.0
601 75 1.0
78 697 1.0
721 249 1.0
60 834 1.0
43 477 1.0
4 706 1.0
495 521 1.0
17 969 1.0
483 344 1.0
487 0 1.0
738 666 1.0
477 2 1.0
638 39 1.0
955 661 1.0
446 593 1.0
284 32 1.0
240 412 1.0
245 741 1.0
24 552 1.0
267 878 1.0
534 355 1.0
497 88 1.0
492 736 1.0
751 797 1.0
757 172 1.0
859 811 1.0
647 341 1.0
732 752 1.0
489 884 1.0
217 455 1.0
109 1 1.0
445 218 1.0
639 515 1.0
886 568 1.0
995 663 1.0
633 493 1.0
250 390 1.0
967 742 1.0
341 697 1.0
907 820 1.0
704 886 1.0
713 742 1.0
176 602 1.0
720 729 1.0
157 838 1.0
17 569 1.0
968 451 1.0
517 919 1.0
909 80 1.0
777 602 1.0
818 321 1.0
317 208 1.0
894 855 1.0
968 316 1.0
634 732 1.0
806 454 1.0
627 373 1.0
514 536 1.0
37 520 1.0
571 157 1.0
161 197 1.0
554 154 1.0
575 167 1.0
338 159 1.0
980 66 1.0
279 124 1.0
101 12 1.0
367 822 1.0
370 909 1.0
547 441 1.0
323 896 1.0
222 741 1.0
782 186 1.0
708 930 1.0
670 960 1.0
188 350 1.0
333 539 1.0
670 187 1.0
826 260 1.0
430 515 1.0
355 17 1.0
454 542 1.0
324 112 1.0
111 856 1.0
504 414 1.0
601 518 1.0
509 71 1.0
593 196 1.0
305 740 1.0
612 233 1.0
987 489 1.0
705 317 1.0
741 132 1.0
186 611 1.0
807 419 1.0
378 55 1.0
920 280 1.0
904 175 1.0
757 670 1.0
778 907 1.0
855 602 1.0
394 302 1.0
921 308 1.0
540 517 1.0
768 789 1.0
605 20 1.0
9 33 1.0
829 14 1.0
709 460 1.0
693 660 1.0
823 318 1.0
281 314 1.0
324 465 1.0
519 886 1.0
609 791 1.0
862 930 1.0
505 950 1.0
311 159 1.0
860 989 1.0
143 570 1.0
416 174 1.0
35 369 1.0
236 612 1.0
137 316 1.0
567 252 1.0
957 54 1.0
269 453 1.0
329 706 1.0
778 586 1.0
947 536 1.0
436 804 1.0
26 239 1.0
940 802 1.0
313 82 1.0
77 26 1.0
323 894 1.0
555 663 1.0
916 679 1.0
125 315 1.0
678 440 1.0
748 651 1.0
745 265 1.0
521 840 1.0
872 648 1.0
570 170 1.0
859 795 1.0
916 500 1.0
591 826 1.0
82 989 1.0
239 743 1.0
36 379 1.0
910 679 1.0
641 487 1.0
562 527 1.0
749 357 1.0
762 489 1.0
890 178 1.0
856 823 1.0
227 574 1.0
784 996 1.0
604 914 1.0
294 656 1.0
187 353 1.0
148 122 1.0
154 776 1.0
249 653 1.0
2 935 1.0
186 749 1.0
936 511 1.0
340 529 1.0
611 243 1.0
823 488 1.0
355 9 1.0
20 990 1.0
387 344 1.0
688 430 1.0
48 369 1.0
822 446 1.0
704 432 1.0
632 184 1.0
299 826 1.0
823 885 1.0
517 246 1.0
566 281 1.0
209 606 1.0
458 636 1.0
207 613 1.0
532 29 1.0
110 871 1.0
460 878 1.0
346 150 1.0
751 733 1.0
951 713 1.0
891 238 1.0
723 356 1.0
901 43 1.0
335 620 1.0
81 54 1.0
22 50 1.0
905 899 1.0
609 522 1.0
481 479 1.0
179 445 1.0
913 657 1.0
510 695 1.0
615 649 1.0
7 959 1.0
219 280 1.0
636 139 1.0
810 364 1.0
541 894 1.0
255 865 1.0
862 769 1.0
126 979 1.0
514 700 1.0
890 567 1.0
313 875 1.0
886 695 1.0
242 787 1.0
609 780 1.0
521 339 1.0
896 876 1.0
354 798 1.0
863 747 1.0
219 853 1.0
79 435 1.0
886 287 1.0
594 270 1.0
612 507 1.0
578 216 1.0
994 394 1.0
943 711 1.0
683 813 1.0
19 496 1.0
877 378 1.0
682 204 1.0
880 260 1.0
567 332 1.0
840 536 1.0
200 772 1.0
549 183 1.0
344 552 1.0
896 540 1.0
432 137 1.0
198 995 1.0
292 504 1.0
531 161 1.0
627 335 1.0
760 784 1.0
695 669 1.0
302 9 1.0
713 352 1.0
432 153 1.0
166 498 1.0
716 190 1.0
332 438 1.0
106 49 1.0
244 729 1.0
891 548 1.0
457 411 1.0
162 891 1.0
384 373 1.0
102 444 1.0
766 315 1.0
582 936 1.0
716 1 1.0
739 522 1.0
414 72 1.0
937 844 1.0
847 519 1.0
357 575 1.0
781 635 1.0
232 881 1.0
467 881 1.0
114 662 1.0
626 169 1.0
343 977 1.0
694 283 1.0
509 601 1.0
991 786 1.0
539 95 1.0
748 397 1.0
356 284 1.0
425 531 1.0
841 733 1.0
866 852 1.0
338 624 1.0
381 692 1.0
693 926 1.0
612 41 1.0
589 313 1.0
648 330 1.0
900 573 1.0
46 799 1.0
176 72 1.0
461 333 1.0
753 611 1.0
758 713 1.0
529 976 1.0
474 938 1.0
778 588 1.0
687 225 1.0
923 548 1.0
843 921 1.0
859 849 1.0
375 881 1.0
292 606 1.0
900 630 1.0
264 838 1.0
65 916 1.0
415 272 1.0
946 708 1.0
303 957 1.0
330 780 1.0
370 908 1.0
115 896 1.0
951 701 1.0
600 289 1.0
127 394 1.0
681 657 1.0
483 16 1.0
415 652 1.0
39 87 1.0
149 813 1.0
541 928 1.0
474 690 1.0
941 350 1.0
149 636 1.0
224 31 1.0
199 285 1.0
959 618 1.0
828 945 1.0
536 489 1.0
529 367 1.0
241 910 1.0
183 192 1.0
11 263 1.0
486 580 1.0
247 203 1.0
420 395 1.0
497 893 1.0
222 116 1.0
483 249 1.0
736 402 1.0
707 292 1.0
5 353 1.0
708 884 1.0
311 464 1.0
785 949 1.0
157 467 1.0
372 525 1.0
569 822 1.0
438 610 1.0
344 555 1.0
636 551 1.0
581 266 1.0
606 86 1.0
641 171 1.0
858 260 1.0
518 800 1.0
421 713 1.0
302 613 1.0
762 15 1.0
904 378 1.0
168 113 1.0
179 453 1.0
223 3 1.0
913 705 1.0
971 510 1.0
797 283 1.0
871 26 1.0
316 81 1.0
859 411 1.0
111 259 1.0
519 62 1.0
511 188 1.0
413 762 1.0
328 864 1.0
937 90 1.0
518 197 1.0
324 600 1.0
538 476 1.0
581 73 1.0
269 622 1.0
678 724 1.0
698 752 1.0
380 492 1.0
432 57 1.0
934 243 1.0
382 649 1.0
21 114 1.0
643 991 1.0
809 200 1.0
892 780 1.0
112 674 1.0
815 770 1.0
128 232 1.0
892 374 1.0
364 332 1.0
815 375 1.0
920 147 1.0
107 510 1.0
48 667 1.0
224 168 1.0
124 525 1.0
206 680 1.0
431 833 1.0
759 575 1.0
915 966 1.0
784 942 1.0
405 625 1.0
719 208 1.0
391 370 1.0
38 347 1.0
400 69 1.0
446 701 1.0
701 980 1.0
989 48 1.0
492 871 1.0
504 896 1.0
403 854 1.0
600 601 1.0
317 26 1.0
417 235 1.0
540 545 1.0
630 472 1.0
855 777 1.0
734 562 1.0
762 903 1.0
400 310 1.0
35 615 1.0
747 738 1.0
408 153 1.0
732 132 1.0
958 579 1.0
906 332 1.0
725 89 1.0
143 853 1.0
441 899 1.0
862 882 1.0
510 553 1.0
598 643 1.0
899 815 1.0
164 376 1.0
16 547 1.0
124 362 1.0
303 348 1.0
825 462 1.0
861 243 1.0
128 91 1.0
114 35 1.0
865 536 1.0
36 561 1.0
389 513 1.0
24 798 1.0
688 41 1.0
393 986 1.0
784 247 1.0
622 728 1.0
667 467 1.0
456 111 1.0
653 7 1.0
585 181 1.0
743 104 1.0
589 3 1.0
576 459 1.0
284 765 1.0
56 450 1.0
238 473 1.0
479 535 1.0
653 661 1.0
890 901 1.0
574 962 1.0
110 820 1.0
703 669 1.0
11 627 1.0
962 50 1.0
121 909 1.0
568 209 1.0
69 39 1.0
767 507 1.0
85 349 1.0
620 420 1.0
7 738 1.0
201 360 1.0
438 750 1.0
599 983 1.0
933 599 1.0
324 218 1.0
385 355 1.0
79 557 1.0
466 98 1.0
662 709 1.0
130 686 1.0
830 954 1.0
932 307 1.0
315 995 1.0
853 513 1.0
491 750 1.0
823 447 1.0
558 919 1.0
344 407 1.0
912 45 1.0
183 343 1.0
805 338 1.0
476 537 1.0
921 142 1.0
277 440 1.0
950 592 1.0
42 357 1.0
618 542 1.0
561 347 1.0
618 790 1.0
303 372 1.0
158 458 1.0
38 165 1.0
647 378 1.0
375 655 1.0
505 380 1.0
184 969 1.0
290 110 1.0
400 889 1.0
889 887 1.0
909 42 1.0
815 715 1.0
36 349 1.0
497 622 1.0
577 154 1.0
259 413 1.0
410 717 1.0
870 306 1.0
583 859 1.0
666 95 1.0
437 340 1.0
452 583 1.0
134 416 1.0
433 36 1.0
88 78 1.0
680 708 1.0
948 784 1.0
484 888 1.0
791 3 1.0
667 17 1.0
912 742 1.0
754 914 1.0
925 272 1.0
867 617 1.0
673 581 1.0
992 269 1.0
383 351 1.0
717 327 1.0
580 871 1.0
49 283 1.0
872 331 1.0
989 286 1.0
621 295 1.0
139 647 1.0
382 383 1.0
175 31 1.0
809 744 1.0
545 859 1.0
117 508 1.0
473 270 1.0
108 452 1.0
25 673 1.0
778 317 1.0
414 405 1.0
475 606 1.0
791 293 1.0
448 470 1.0
156 103 1.0
474 384 1.0
687 121 1.0
645 143 1.0
206 725 1.0
566 444 1.0
190 623 1.0
205 709 1.0
753 563 1.0
299 293 1.0
33 481 1.0
589 369 1.0
482 923 1.0
382 22 1.0
203 299 1.0
720 606 1.0
733 295 1.0
635 130 1.0
170 599 1.0
540 662 1.0
846 555 1.0
143 337 1.0
441 759 1.0
101 532 1.0
371 168 1.0
855 72 1.0
782 973 1.0
968 586 1.0
152 17 1.0
998 193 1.0
541 925 1.0
688 892 1.0
560 920 1.0
921 717 1.0
307 40 1.0
923 522 1.0
769 480 1.0
957 960 1.0
43 770 1.0
133 920 1.0
39 316 1.0
94 637 1.0
506 237 1.0
499 89 1.0
223 22 1.0
473 293 1.0
878 994 1.0
816 535 1.0
845 696 1.0
130 395 1.0
89 222 1.0
643 644 1.0
982 525 1.0
422 481 1.0
866 297 1.0
166 699 1.0
26 715 1.0
892 648 1.0
454 446 1.0
681 130 1.0
65 418 1.0
932 995 1.0
553 24 1.0
157 295 1.0
664 921 1.0
286 790 1.0
954 675 1.0
845 234 1.0
836 147 1.0
976 820 1.0
630 890 1.0
14 443 1.0
953 178 1.0
804 558 1.0
794 344 1.0
109 15 1.0
876 721 1.0
705 712 1.0
521 262 1.0
622 375 1.0
458 354 1.0
505 587 1.0
273 592 1.0
390 999 1.0
235 498 1.0
175 672 1.0
809 326 1.0
573 924 1.0
949 232 1.0
892 67 1.0
628 698 1.0
187 456 1.0
330 379 1.0
746 814 1.0
960 260 1.0
931 171 1.0
713 323 1.0
241 26 1.0
932 437 1.0
661 220 1.0
463 219 1.0
150 913 1.0
109 607 1.0
647 158 1.0
353 757 1.0
748 974 1.0
872 740 1.0
412 932 1.0
475 628 1.0
784 36 1.0
2 736 1.0
506 671 1.0
529 819 1.0
911 173 1.0
510 516 1.0
389 562 1.0
408 539 1.0
653 411 1.0
881 699 1.0
369 576 1.0
693 288 1.0
54 601 1.0
344 712 1.0
691 939 1.0
736 482 1.0
600 445 1.0
791 134 1.0
665 449 1.0
326 480 1.0
900 341 1.0
315 307 1.0
89 386 1.0
766 237 1.0
26 50 1.0
802 117 1.0
265 121 1.0
315 388 1.0
245 326 1.0
544 766 1.0
197 25 1.0
898 992 1.0
538 404 1.0
83 201 1.0
81 4 1.0
976 811 1.0
678 479 1.0
423 176 1.0
162 78 1.0
721 215 1.0
422 113 1.0
600 846 1.0
405 583 1.0
249 351 1.0
173 485 1.0
707 661 1.0
230 588 1.0
622 749 1.0
37 632 1.0
121 213 1.0
284 949 1.0
629 883 1.0
65 337 1.0
659 423 1.0
566 320 1.0
54 43 1.0
509 138 1.0
73 11 1.0
386 713 1.0
882 190 1.0
645 455 1.0
335 532 1.0
453 602 1.0
371 919 1.0
261 98 1.0
665 220 1.0
897 103 1.0
175 129 1.0
58 549 1.0
757 126 1.0
886 465 1.0
355 686 1.0
816 810 1.0
437 323 1.0
330 353 1.0
916 157 1.0
368 154 1.0
61 479 1.0
306 603 1.0
523 0 1.0
434 977 1.0
761 360 1.0
134 864 1.0
432 444 1.0
918 883 1.0
711 953 1.0
388 555 1.0
609 694 1.0
730 108 1.0
658 164 1.0
375 933 1.0
978 455 1.0
378 830 1.0
744 179 1.0
101 321 1.0
167 673 1.0
794 899 1.0
508 481 1.0
857 817 1.0
117 960 1.0
80 205 1.0
67 201 1.0
424 1 1.0
704 997 1.0
895 857 1.0
345 301 1.0
240 578 1.0
725 484 1.0
356 655 1.0
348 263 1.0
739 768 1.0
385 622 1.0
355 26 1.0
832 714 1.0
216 532 1.0
751 31 1.0
561 157 1.0
296 313 1.0
953 657 1.0
373 464 1.0
195 867 1.0
427 213 1.0
381 826 1.0
711 45 1.0
845 518 1.0
891 427 1.0
758 689 1.0
217 719 1.0
596 503 1.0
414 523 1.0
219 384 1.0
656 905 1.0
891 539 1.0
248 920 1.0
671 83 1.0
97 743 1.0
432 179 1.0
134 158 1.0
486 675 1.0
863 361 1.0
575 914 1.0
900 158 1.0
158 803 1.0
0 907 1.0
285 730 1.0
175 523 1.0
114 254 1.0
7 312 1.0
133 854 1.0
722 695 1.0
72 438 1.0
522 185 1.0
797 193 1.0
716 438 1.0
163 669 1.0
933 713 1.0
593 844 1.0
967 936 1.0
929 815 1.0
836 115 1.0
230 499 1.0
17 738 1.0
589 717 1.0
92 593 1.0
831 671 1.0
423 662 1.0
621 307 1.0
690 334 1.0
66 364 1.0
931 533 1.0
61 834 1.0
689 21 1.0
371 804 1.0
268 475 1.0
496 461 1.0
223 895 1.0
575 25 1.0
206 10 1.0
997 486 1.0
273 62 1.0
933 476 1.0
759 81 1.0
112 848 1.0
720 349 1.0
349 604 1.0
842 632 1.0
188 708 1.0
118 209 1.0
532 685 1.0
828 580 1.0
288 862 1.0
728 317 1.0
637 776 1.0
80 185 1.0
273 384 1.0
260 490 1.0
901 266 1.0
300 425 1.0
876 213 1.0
549 412 1.0
553 739 1.0
372 431 1.0
788 999 1.0
704 268 1.0
381 390 1.0
587 861 1.0
55 401 1.0
778 326 1.0
798 255 1.0
24 797 1.0
641 597 1.0
430 724 1.0
432 143 1.0
918 779 1.0
902 789 1.0
66 96 1.0
79 929 1.0
161 344 1.0
251 125 1.0
803 709 1.0
945 528 1.0
423 567 1.0
748 983 1.0
651 437 1.0
697 509 1.0
652 843 1.0
606 397 1.0
969 547 1.0
148 812 1.0
772 942 1.0
166 410 1.0
472 514 1.0
687 551 1.0
139 459 1.0
279 632 1.0
45 643 1.0
558 329 1.0
55 516 1.0
527 753 1.0
949 202 1.0
462 691 1.0
948 131 1.0
690 57 1.0
404 200 1.0
763 905 1.0
406 459 1.0
836 890 1.0
702 193 1.0
418 813 1.0
921 447 1.0
498 165 1.0
576 879 1.0
254 345 1.0
627 33 1.0
433 967 1.0
335 948 1.0
390 936 1.0
544 516 1.0
892 841 1.0
78 323 1.0
556 765 1.0
204 674 1.0
164 430 1.0
558 706 1.0
699 789 1.0
707 903 1.0
387 384 1.0
992 161 1.0
323 297 1.0
776 400 1.0
897 340 1.0
71 893 1.0
656 183 1.0
332 60 1.0
593 403 1.0
935 369 1.0
870 698 1.0
171 364 1.0
962 777 1.0
709 687 1.0
42 445 1.0
442 868 1.0
806 239 1.0
916 537 1.0
248 930 1.0
374 965 1.0
603 569 1.0
563 626 1.0
44 115 1.0
338 971 1.0
988 657 1.0
924 173 1.0
420 343 1.0
104 161 1.0
869 99 1.0
604 198 1.0
407 884 1.0
841 924 1.0
512 757 1.0
113 294 1.0
541 924 1.0
688 782 1.0
181 17 1.0
966 413 1.0
712 652 1.0
251 504 1.0
463 447 1.0
899 613 1.0
254 439 1.0
459 673 1.0
451 665 1.0
956 446 1.0
979 167 1.0
645 225 1.0
251 234 1.0
255 973 1.0
440 210 1.0
681 553 1.0
449 179 1.0
331 662 1.0
829 755 1.0
645 917 1.0
47 679 1.0
764 858 1.0
765 819 1.0
925 686 1.0
988 289 1.0
536 454 1.0
821 750 1.0
445 95 1.0
211 498 1.0
753 899 1.0
994 414 1.0
298 442 1.0
649 69 1.0
326 404 1.0
88 725 1.0
384 651 1.0
522 717 1.0
251 380 1.0
228 438 1.0
428 436 1.0
284 468 1.0
835 76 1.0
450 460 1.0
978 222 1.0
409 37 1.0
76 159 1.0
750 233 1.0
879 821 1.0
40 490 1.0
626 689 1.0
806 455 1.0
279 836 1.0
364 174 1.0
857 258 1.0
717 457 1.0
855 443 1.0
809 555 1.0
975 783 1.0
353 546 1.0
195 183 1.0
526 220 1.0
423 993 1.0
413 828 1.0
480 922 1.0
221 99 1.0
518 219 1.0
262 393 1.0
834 918 1.0
187 579 1.0
600 543 1.0
641 452 1.0
478 509 1.0
405 222 1.0
955 536 1.0
425 999 1.0
808 882 1.0
744 679 1.0
841 664 1.0
853 238 1.0
557 256 1.0
127 760 1.0
121 58 1.0
128 938 1.0
377 721 1.0
880 668 1.0
455 241 1.0
894 494 1.0
305 176 1.0
55 405 1.0
934 822 1.0
316 197 1.0
89 591 1.0
16 13 1.0
940 37 1.0
831 840 1.0
198 8 1.0
672 712 1.0
773 80 1.0
564 955 1.0
20 190 1.0
508 720 1.0
878 881 1.0
278 128 1.0
360 516 1.0
223 47 1.0
18 738 1.0
626 465 1.0
454 141 1.0
71 111 1.0
868 378 1.0
435 209 1.0
240 764 1.0
561 379 1.0
226 28 1.0
108 733 1.0
590 512 1.0
421 206 1.0
343 497 1.0
564 123 1.0
509 276 1.0
63 444 1.0
17 494 1.0
256 788 1.0
740 677 1.0
267 584 1.0
843 891 1.0
117 548 1.0
333 580 1.0
646 67 1.0
186 796 1.0
351 310 1.0
885 475 1.0
76 969 1.0
947 307 1.0
810 30 1.0
635 771 1.0
354 538 1.0
485 878 1.0
607 726 1.0
662 229 1.0
396 92 1.0
282 369 1.0
656 47 1.0
322 105 1.0
821 852 1.0
47 24 1.0
739 474 1.0
772 393 1.0
65 267 1.0
543 28 1.0
388 883 1.0
239 504 1.0
286 893 1.0
335 585 1.0
455 291 1.0
473 985 1.0
703 892 1.0
508 63 1.0
290 741 1.0
54 325 1.0
497 731 1.0
146 500 1.0
95 141 1.0
75 440 1.0
865 436 1.0
886 215 1.0
325 723 1.0
212 867 1.0
795 985 1.0
781 645 1.0
95 91 1.0
53 666 1.0
348 717 1.0
514 135 1.0
833 120 1.0
771 326 1.0
344 746 1.0
482 649 1.0
313 179 1.0
627 499 1.0
491 979 1.0
730 812 1.0
707 295 1.0
768 219 1.0
667 363 1.0
671 387 1.0
220 767 1.0
49 952 1.0
923 260 1.0
388 769 1.0
167 454 1.0
128 733 1.0
112 801 1.0
830 872 1.0
10 821 1.0
722 189 1.0
271 131 1.0
258 682 1.0
552 343 1.0
317 425 1.0
621 214 1.0
429 579 1.0
879 263 1.0
852 869 1.0
76 572 1.0
554 476 1.0
771 551 1.0
221 970 1.0
419 343 1.0
254 648 1.0
752 954 1.0
162 756 1.0
910 34 1.0
790 834 1.0
819 442 1.0
386 724 1.0
489 584 1.0
319 228 1.0
753 994 1.0
848 582 1.0
288 931 1.0
932 489 1.0
253 925 1.0
322 580 1.0
432 117 1.0
938 859 1.0
21 811 1.0
306 104 1.0
14 961 1.0
119 36 1.0
916 209 1.0
815 278 1.0
879 714 1.0
677 71 1.0
736 113 1.0
684 598 1.0
94 161 1.0
378 767 1.0
197 869 1.0
823 884 1.0
640 771 1.0
115 959 1.0
431 272 1.0
858 787 1.0
537 200 1.0
571 975 1.0
483 12 1.0
156 508 1.0
287 91 1.0
295 84 1.0
862 36 1.0
696 379 1.0
317 383 1.0
923 218 1.0
852 826 1.0
361 304 1.0
367 772 1.0
520 265 1.0
691 35 1.0
718 94 1.0
99 700 1.0
17 946 1.0
985 769 1.0
121 252 1.0
534 146 1.0
946 290 1.0
413 478 1.0
255 966 1.0
115 297 1.0
48 594 1.0
577 453 1.0
988 445 1.0
384 787 1.0
143 653 1.0
803 40 1.0
405 107 1.0
0 899 1.0
292 484 1.0
831 619 1.0
342 69 1.0
529 138 1.0
684 868 1.0
41 870 1.0
827 67 1.0
430 213 1.0
474 342 1.0
759 182 1.0
82 105 1.0
381 532 1.0
380 516 1.0
675 107 1.0
62 985 1.0
473 219 1.0
998 570 1.0
12 314 1.0
420 21 1.0
423 724 1.0
124 601 1.0
150 668 1.0
481 936 1.0
757 289 1.0
131 549 1.0
228 564 1.0
673 861 1.0
437 286 1.0
463 751 1.0
644 404 1.0
377 46 1.0
334 373 1.0
797 387 1.0
690 447 1.0
693 901 1.0
810 215 1.0
994 282 1.0
794 928 1.0
489 149 1.0
490 152 1.0
506 320 1.0
891 65 1.0
98 986 1.0
617 638 1.0
541 51 1.0
94 818 1.0
287 280 1.0
731 392 1.0
288 426 1.0
552 724 1.0
81 292 1.0
942 567 1.0
855 185 1.0
236 641 1.0
999 632 1.0
366 895 1.0
568 634 1.0
495 852 1.0
771 464 1.0
640 561 1.0
190 879 1.0
516 645 1.0
47 440 1.0
958 939 1.0
973 203 1.0
749 634 1.0
41 327 1.0
100 792 1.0
472 53 1.0
866 562 1.0
25 441 1.0
230 657 1.0
269 431 1.0
913 175 1.0
333 991 1.0
111 512 1.0
415 58 1.0
781 980 1.0
537 108 1.0
772 441 1.0
124 186 1.0
916 226 1.0
258 915 1.0
289 572 1.0
7 817 1.0
249 789 1.0
92 278 1.0
29 969 1.0
898 264 1.0
609 849 1.0
8 544 1.0
243 590 1.0
130 356 1.0
193 644 1.0
586 964 1.0
181 841 1.0
71 348 1.0
376 803 1.0
822 686 1.0
840 436 1.0
405 355 1.0
386 784 1.0
42 560 1.0
303 652 1.0
31 410 1.0
35 254 1.0
593 85 1.0
305 889 1.0
876 198 1.0
664 351 1.0
184 726 1.0
0 735 1.0
495 815 1.0
293 670 1.0
964 166 1.0
675 751 1.0
228 825 1.0
207 221 1.0
488 929 1.0
404 37 1.0
297 478 1.0
827 711 1.0
786 879 1.0
937 276 1.0
890 913 1.0
84 830 1.0
22 997 1.0
462 548 1.0
170 796 1.0
872 813 1.0
905 196 1.0
584 634 1.0
8 266 1.0
195 334 1.0
631 430 1.0
226 111 1.0
135 484 1.0
161 36 1.0
884 919 1.0
795 414 1.0
235 214 1.0
415 129 1.0
957 705 1.0
373 457 1.0
962 523 1.0
657 55 1.0
687 175 1.0
343 188 1.0
920 723 1.0
916 538 1.0
109 154 1.0
667 648 1.0
369 771 1.0
693 12 1.0
821 437 1.0
943 496 1.0
401 165 1.0
688 159 1.0
52 371 1.0
879 542 1.0
110 987 1.0
904 446 1.0
620 175 1.0
216 862 1.0
364 375 1.0
876 722 1.0
564 611 1.0
134 441 1.0
567 100 1.0
455 904 1.0
223 401 1.0
149 393 1.0
107 85 1.0
574 673 1.0
242 235 1.0
947 587 1.0
230 717 1.0
174 583 1.0
330 885 1.0
467 175 1.0
524 4 1.0
242 854 1.0
403 329 1.0
379 249 1.0
385 703 1.0
384 231 1.0
433 866 1.0
206 611 1.0
9 15 1.0
811 558 1.0
857 369 1.0
897 311 1.0
930 112 1.0
129 789 1.0
816 833 1.0
81 304 1.0
528 395 1.0
78 149 1.0
538 766 1.0
58 849 1.0
751 491 1.0
150 699 1.0
443 464 1.0
288 556 1.0
388 203 1.0
534 583 1.0
160 572 1.0
361 403 1.0
987 933 1.0
11 605 1.0
262 803 1.0
280 745 1.0
352 451 1.0
432 560 1.0
625 15 1.0
923 48 1.0
89 993 1.0
219 257 1.0
453 173 1.0
213 316 1.0
858 40 1.0
936 572 1.0
455 421 1.0
99 462 1.0
839 516 1.0
907 554 1.0
924 642 1.0
538 313 1.0
229 822 1.0
152 175 1.0
680 551 1.0
854 24 1.0
680 33 1.0
742 212 1.0
268 220 1.0
756 727 1.0
719 324 1.0
399 283 1.0
320 321 1.0
239 844 1.0
752 754 1.0
466 799 1.0
566 577 1.0
189 729 1.0
799 417 1.0
791 516 1.0
339 102 1.0
354 194 1.0
847 290 1.0
938 694 1.0
181 380 1.0
323 624 1.0
636 208 1.0
518 543 1.0
374 812 1.0
572 774 1.0
428 94 1.0
913 9 1.0
92 201 1.0
706 127 1.0
931 326 1.0
855 527 1.0
571 629 1.0
625 972 1.0
710 739 1.0
524 115 1.0
0 315 1.0
798 498 1.0
416 16 1.0
166 384 1.0
959 150 1.0
325 689 1.0
878 790 1.0
327 601 1.0
788 384 1.0
891 701 1.0
198 288 1.0
222 903 1.0
453 219 1.0
372 713 1.0
667 873 1.0
767 174 1.0
69 490 1.0
837 110 1.0
66 379 1.0
509 248 1.0
281 640 1.0
290 255 1.0
495 377 1.0
830 359 1.0
110 790 1.0
776 910 1.0
799 133 1.0
558 237 1.0
576 449 1.0
683 343 1.0
702 577 1.0
577 270 1.0
436 57 1.0
136 763 1.0
793 690 1.0
197 492 1.0
86 473 1.0
507 485 1.0
245 743 1.0
397 2 1.0
515 109 1.0
281 752 1.0
102 341 1.0
254 393 1.0
998 342 1.0
718 78 1.0
903 150 1.0
836 381 1.0
414 807 1.0
319 234 1.0
375 100 1.0
989 919 1.0
293 722 1.0
936 790 1.0
289 594 1.0
812 283 1.0
9 155 1.0
22 332 1.0
875 674 1.0
222 418 1.0
390 827 1.0
429 688 1.0
607 518 1.0
447 728 1.0
345 853 1.0
442 91 1.0
843 970 1.0
245 311 1.0
550 203 1.0
577 752 1.0
396 416 1.0
235 881 1.0
898 665 1.0
455 457 1.0
430 545 1.0
782 609 1.0
696 455 1.0
896 666 1.0
789 306 1.0
122 721 1.0
103 698 1.0
945 741 1.0
142 284 1.0
973 781 1.0
401 940 1.0
727 51 1.0
861 305 1.0
682 29 1.0
620 166 1.0
805 729 1.0
383 429 1.0
870 486 1.0
53 924 1.0
520 679 1.0
32 289 1.0
854 744 1.0
679 743 1.0
389 41 1.0
638 681 1.0
493 488 1.0
15 20 1.0
160 129 1.0
860 518 1.0
65 231 1.0
153 595 1.0
86 257 1.0
622 460 1.0
862 552 1.0
27 727 1.0
587 613 1.0
338 116 1.0
225 621 1.0
505 588 1.0
637 54 1.0
196 938 1.0
774 865 1.0
62 715 1.0
566 168 1.0
545 527 1.0
553 62 1.0
728 991 1.0
860 932 1.0
540 15 1.0
959 688 1.0
308 803 1.0
291 141 1.0
730 755 1.0
116 991 1.0
600 893 1.0
921 934 1.0
102 48 1.0
440 922 1.0
960 696 1.0
164 228 1.0
728 419 1.0
873 51 1.0
374 719 1.0
471 437 1.0
71 29 1.0
414 302 1.0
711 894 1.0
73 333 1.0
376 487 1.0
539 156 1.0
416 598 1.0
404 255 1.0
359 684 1.0
563 809 1.0
885 42 1.0
37 636 1.0
128 86 1.0
141 535 1.0
548 293 1.0
513 439 1.0
792 888 1.0
971 225 1.0
415 961 1.0
21 59 1.0
812 340 1.0
859 272 1.0
252 208 1.0
532 978 1.0
160 246 1.0
209 24 1.0
64 702 1.0
556 567 1.0
928 214 1.0
322 51 1.0
294 916 1.0
785 709 1.0
401 513 1.0
242 499 1.0
915 534 1.0
847 941 1.0
984 383 1.0
158 427 1.0
660 116 1.0
27 810 1.0
600 253 1.0
449 870 1.0
6 27 1.0
930 455 1.0
304 364 1.0
114 286 1.0
212 597 1.0
367 486 1.0
714 479 1.0
819 549 1.0
795 172 1.0
624 474 1.0
20 776 1.0
202 22 1.0
320 554 1.0
424 693 1.0
985 410 1.0
203 692 1.0
248 122 1.0
301 962 1.0
240 456 1.0
747 264 1.0
198 744 1.0
35 643 1.0
211 219 1.0
390 902 1.0
288 684 1.0
278 242 1.0
936 294 1.0
825 968 1.0
753 289 1.0
972 411 1.0
579 709 1.0
56 873 1.0
382 595 1.0
783 160 1.0
768 689 1.0
831 459 1.0
669 140 1.0
77 675 1.0
60 52 1.0
955 176 1.0
576 565 1.0
787 135 1.0
276 418 1.0
978 435 1.0
941 122 1.0
901 382 1.0
28 741 1.0
926 398 1.0
521 37 1.0
287 82 1.0
304 671 1.0
861 516 1.0
175 537 1.0
910 775 1.0
477 427 1.0
659 264 1.0
253 296 1.0
870 63 1.0
256 204 1.0
236 740 1.0
278 813 1.0
148 188 1.0
829 627 1.0
174 971 1.0
504 249 1.0
845 16 1.0
9 756 1.0
181 550 1.0
270 345 1.0
660 943 1.0
167 776 1.0
940 745 1.0
37 13 1.0
655 3 1.0
877 843 1.0
34 150 1.0
955 401 1.0
690 677 1.0
223 95 1.0
985 159 1.0
482 599 1.0
209 938 1.0
241 750 1.0
671 983 1.0
593 450 1.0
961 770 1.0
505 395 1.0
840 945 1.0
818 331 1.0
142 242 1.0
649 360 1.0
745 183 1.0
84 311 1.0
902 138 1.0
296 344 1.0
294 635 1.0
305 310 1.0
291 927 1.0
506 77 1.0
531 720 1.0
504 84 1.0
4 193 1.0
562 307 1.0
270 872 1.0
195 435 1.0
100 893 1.0
478 698 1.0
578 471 1.0
561 494 1.0
663 219 1.0
242 599 1.0
812 790 1.0
572 703 1.0
435 611 1.0
201 872 1.0
403 64 1.0
917 100 1.0
116 80 1.0
550 408 1.0
640 189 1.0
703 371 1.0
859 594 1.0
597 63 1.0
122 7 1.0
543 576 1.0
636 35 1.0
965 505 1.0
955 769 1.0
890 524 1.0
91 709 1.0
210 696 1.0
186 294 1.0
236 498 1.0
30 164 1.0
800 55 1.0
866 232 1.0
201 29 1.0
696 784 1.0
139 47 1.0
271 90 1.0
725 616 1.0
686 621 1.0
496 940 1.0
671 13 1.0
47 60 1.0
597 526 1.0
621 792 1.0
741 70 1.0
513 4 1.0
608 468 1.0
300 717 1.0
511 325 1.0
80 755 1.0
565 347 1.0
603 679 1.0
808 102 1.0
722 323 1.0
520 869 1.0
582 830 1.0
270 19 1.0
889 423 1.0
198 868 1.0
521 919 1.0
525 407 1.0
908 186 1.0
746 347 1.0
818 163 1.0
96 83 1.0
262 540 1.0
58 908 1.0
748 478 1.0
102 836 1.0
828 883 1.0
554 794 1.0
557 344 1.0
50 170 1.0
434 654 1.0
367 736 1.0
424 726 1.0
584 577 1.0
621 875 1.0
757 535 1.0
330 33 1.0
70 275 1.0
442 793 1.0
984 987 1.0
271 331 1.0
604 214 1.0
829 493 1.0
206 314 1.0
609 227 1.0
33 961 1.0
456 601 1.0
689 333 1.0
312 910 1.0
695 713 1.0
933 183 1.0
288 789 1.0
52 546 1.0
13 375 1.0
718 755 1.0
341 956 1.0
507 884 1.0
31 334 1.0
370 267 1.0
29 926 1.0
902 576 1.0
210 472 1.0
100 939 1.0
644 796 1.0
27 160 1.0
714 920 1.0
34 756 1.0
997 865 1.0
132 830 1.0
523 73 1.0
687 929 1.0
303 47 1.0
896 470 1.0
362 948 1.0
42 394 1.0
4 757 1.0
114 881 1.0
580 19 1.0
390 388 1.0
860 589 1.0
736 112 1.0
383 829 1.0
818 62 1.0
121 136 1.0
65 702 1.0
37 219 1.0
898 588 1.0
789 304 1.0
296 645 1.0
873 352 1.0
883 712 1.0
421 983 1.0
961 766 1.0
672 644 1.0
144 747 1.0
311 192 1.0
673 21 1.0
726 44 1.0
687 2 1.0
438 85 1.0
93 332 1.0
607 481 1.0
75 373 1.0
384 281 1.0
642 645 1.0
713 727 1.0
442 689 1.0
79 7 1.0
666 707 1.0
904 55 1.0
296 711 1.0
586 744 1.0
692 761 1.0
824 684 1.0
769 145 1.0
356 928 1.0
988 232 1.0
5 17 1.0
274 450 1.0
699 400 1.0
158 637 1.0
93 568 1.0
680 614 1.0
377 796 1.0
326 520 1.0
764 780 1.0
262 925 1.0
661 278 1.0
977 844 1.0
278 398 1.0
18 28 1.0
618 392 1.0
213 293 1.0
512 122 1.0
416 587 1.0
164 644 1.0
430 75 1.0
940 78 1.0
684 463 1.0
4 244 1.0
949 706 1.0
387 24 1.0
416 466 1.0
505 591 1.0
145 210 1.0
849 682 1.0
769 830 1.0
943 785 1.0
78 221 1.0
467 671 1.0
673 455 1.0
260 715 1.0
50 7 1.0
134 587 1.0
782 40 1.0
836 520 1.0
257 265 1.0
853 766 1.0
108 27 1.0
746 970 1.0
335 167 1.0
486 412 1.0
55 218 1.0
572 909 1.0
457 626 1.0
460 63 1.0
204 887 1.0
319 98 1.0
219 429 1.0
245 794 1.0
120 407 1.0
750 115 1.0
826 347 1.0
917 728 1.0
807 121 1.0
598 813 1.0
42 253 1.0
921 834 1.0
430 291 1.0
827 824 1.0
408 968 1.0
940 283 1.0
320 869 1.0
627 864 1.0
608 140 1.0
508 942 1.0
379 467 1.0
394 647 1.0
87 838 1.0
756 973 1.0
883 230 1.0
795 15 1.0
73 270 1.0
82 179 1.0
684 314 1.0
973 371 1.0
707 544 1.0
154 538 1.0
236 512 1.0
466 726 1.0
385 302 1.0
560 973 1.0
653 844 1.0
624 873 1.0
640 418 1.0
521 806 1.0
374 832 1.0
539 280 1.0
452 976 1.0
729 344 1.0
627 446 1.0
344 278 1.0
770 569 1.0
973 645 1.0
599 873 1.0
678 392 1.0
562 736 1.0
144 475 1.0
424 188 1.0
629 632 1.0
308 379 1.0
298 0 1.0
621 258 1.0
523 331 1.0
95 480 1.0
338 632 1.0
669 760 1.0
245 292 1.0
615 323 1.0
771 415 1.0
942 624 1.0
431 901 1.0
235 38 1.0
811 240 1.0
811 198 1.0
142 392 1.0
741 267 1.0
142 549 1.0
873 643 1.0
374 225 1.0
842 220 1.0
577 792 1.0
837 794 1.0
460 185 1.0
32 293 1.0
663 908 1.0
523 733 1.0
932 515 1.0
33 616 1.0
942 323 1.0
167 631 1.0
411 746 1.0
116 495 1.0
754 272 1.0
879 547 1.0
821 887 1.0
348 332 1.0
104 293 1.0
38 947 1.0
214 451 1.0
787 469 1.0
186 113 1.0
662 338 1.0
366 661 1.0
281 779 1.0
142 97 1.0
37 741 1.0
753 990 1.0
902 560 1.0
839 427 1.0
657 744 1.0
20 232 1.0
319 152 1.0
66 476 1.0
247 847 1.0
298 436 1.0
272 885 1.0
51 629 1.0
643 556 1.0
649 23 1.0
125 905 1.0
695 810 1.0
362 665 1.0
428 193 1.0
395 350 1.0
866 331 1.0
808 114 1.0
866 111 1.0
814 553 1.0
816 333 1.0
546 536 1.0
748 577 1.0
788 882 1.0
223 233 1.0
597 767 1.0
106 851 1.0
568 92 1.0
874 290 1.0
524 256 1.0
142 872 1.0
759 978 1.0
910 595 1.0
60 14 1.0
638 865 1.0
374 351 1.0
280 85 1.0
26 75 1.0
693 394 1.0
985 564 1.0
748 940 1.0
690 883 1.0
73 628 1.0
132 669 1.0
39 98 1.0
706 888 1.0
22 314 1.0
596 356 1.0
941 266 1.0
684 147 1.0
464 104 1.0
757 179 1.0
114 397 1.0
150 712 1.0
876 14 1.0
997 516 1.0
732 887 1.0
108 585 1.0
198 40 1.0
887 524 1.0
758 466 1.0
308 73 1.0
379 320 1.0
102 32 1.0
96 346 1.0
872 305 1.0
933 828 1.0
399 829 1.0
422 199 1.0
113 798 1.0
410 818 1.0
358 834 1.0
866 97 1.0
217 480 1.0
499 936 1.0
968 857 1.0
26 180 1.0
623 810 1.0
733 303 1.0
953 7 1.0
256 459 1.0
358 247 1.0
277 67 1.0
549 492 1.0
330 423 1.0
827 633 1.0
479 214 1.0
882 988 1.0
77 115 1.0
459 43 1.0
527 506 1.0
227 368 1.0
196 993 1.0
601 751 1.0
154 553 1.0
214 645 1.0
444 77 1.0
771 392 1.0
629 664 1.0
86 915 1.0
738 24 1.0
389 88 1.0
972 359 1.0
536 501 1.0
771 758 1.0
371 554 1.0
51 921 1.0
465 927 1.0
754 664 1.0
633 536 1.0
319 833 1.0
421 650 1.0
893 9 1.0
406 381 1.0
21 618 1.0
424 337 1.0
303 555 1.0
652 67 1.0
921 109 1.0
696 655 1.0
397 322 1.0
88 445 1.0
743 118 1.0
761 701 1.0
700 96 1.0
32 733 1.0
437 839 1.0
902 959 1.0
737 422 1.0
678 5 1.0
965 954 1.0
525 639 1.0
503 216 1.0
233 601 1.0
342 650 1.0
498 176 1.0
116 353 1.0
732 547 1.0
612 409 1.0
506 179 1.0
531 73 1.0
308 45 1.0
66 714 1.0
905 580 1.0
474 789 1.0
877 929 1.0
598 295 1.0
804 165 1.0
68 135 1.0
876 387 1.0
700 604 1.0
591 656 1.0
910 797 1.0
360 873 1.0
70 161 1.0
638 117 1.0
463 128 1.0
503 667 1.0
103 457 1.0
678 558 1.0
770 673 1.0
86 19 1.0
901 530 1.0
533 799 1.0
198 177 1.0
505 635 1.0
982 49 1.0
325 322 1.0
782 314 1.0
548 367 1.0
781 606 1.0
805 434 1.0
479 136 1.0
429 273 1.0
839 21 1.0
695 976 1.0
829 564 1.0
119 707 1.0
232 567 1.0
953 641 1.0
638 714 1.0
719 88 1.0
798 905 1.0
376 413 1.0
92 115 1.0
425 627 1.0
469 395 1.0
487 360 1.0
678 299 1.0
707 677 1.0
808 232 1.0
532 884 1.0
719 955 1.0
320 482 1.0
470 604 1.0
826 348 1.0
268 543 1.0
357 707 1.0
425 640 1.0
839 914 1.0
409 776 1.0
374 916 1.0
223 463 1.0
783 728 1.0
91 1 1.0
912 367 1.0
244 68 1.0
317 10 1.0
638 237 1.0
912 222 1.0
269 640 1.0
976 329 1.0
568 359 1.0
474 508 1.0
86 7 1.0
842 424 1.0
627 672 1.0
811 547 1.0
108 35 1.0
882 778 1.0
934 892 1.0
366 846 1.0
954 679 1.0
426 993 1.0
932 292 1.0
777 184 1.0
39 100 1.0
113 144 1.0
522 163 1.0
952 618 1.0
749 830 1.0
66 728 1.0
740 356 1.0
456 55 1.0
90 527 1.0
977 518 1.0
863 369 1.0
724 995 1.0
330 649 1.0
15 29 1.0
418 639 1.0
618 479 1.0
86 200 1.0
106 267 1.0
599 734 1.0
942 652 1.0
125 658 1.0
107 492 1.0
813 194 1.0
291 306 1.0
372 939 1.0
326 987 1.0
835 806 1.0
677 387 1.0
9 452 1.0
513 555 1.0
660 964 1.0
744 331 1.0
616 602 1.0
968 86 1.0
461 967 1.0
482 354 1.0
628 813 1.0
159 183 1.0
858 929 1.0
382 125 1.0
972 313 1.0
532 648 1.0
617 678 1.0
393 909 1.0
131 97 1.0
249 996 1.0
85 158 1.0
144 973 1.0
421 373 1.0
37 213 1.0
459 238 1.0
703 216 1.0
144 546 1.0
442 198 1.0
104 79 1.0
659 55 1.0
568 938 1.0
679 945 1.0
335 219 1.0
312 943 1.0
753 606 1.0
911 136 1.0
559 814 1.0
474 472 1.0
487 186 1.0
671 87 1.0
466 354 1.0
127 709 1.0
24 153 1.0
843 824 1.0
701 554 1.0
322 42 1.0
856 196 1.0
513 773 1.0
950 775 1.0
464 56 1.0
786 766 1.0
219 665 1.0
784 52 1.0
702 354 1.0
661 353 1.0
208 598 1.0
816 61 1.0
216 794 1.0
844 737 1.0
107 158 1.0
35 690 1.0
315 363 1.0
843 479 1.0
616 549 1.0
621 696 1.0
651 768 1.0
88 415 1.0
822 93 1.0
58 16 1.0
53 467 1.0
631 786 1.0
527 167 1.0
919 108 1.0
756 534 1.0
164 227 1.0
536 544 1.0
57 673 1.0
487 13 1.0
988 484 1.0
438 1 1.0
884 398 1.0
272 913 1.0
914 153 1.0
878 124 1.0
300 985 1.0
973 932 1.0
869 756 1.0
68 941 1.0
126 778 1.0
786 811 1.0
88 414 1.0
443 981 1.0
239 868 1.0
888 195 1.0
930 504 1.0
626 811 1.0
831 921 1.0
233 309 1.0
133 695 1.0
630 47 1.0
256 765 1.0
79 679 1.0
983 694 1.0
618 518 1.0
440 739 1.0
917 742 1.0
901 894 1.0
876 462 1.0
840 60 1.0
580 107 1.0
90 845 1.0
832 656 1.0
875 59 1.0
377 926 1.0
632 332 1.0
476 358 1.0
558 516 1.0
328 434 1.0
732 526 1.0
836 754 1.0
613 914 1.0
853 307 1.0
579 69 1.0
69 71 1.0
60 558 1.0
525 281 1.0
369 780 1.0
459 583 1.0
617 923 1.0
292 928 1.0
346 262 1.0
995 870 1.0
816 563 1.0
279 547 1.0
307 812 1.0
433 837 1.0
213 882 1.0
491 99 1.0
121 602 1.0
393 759 1.0
357 33 1.0
571 179 1.0
592 505 1.0
409 14 1.0
452 764 1.0
493 230 1.0
356 205 1.0
108 997 1.0
879 28 1.0
853 623 1.0
579 968 1.0
391 727 1.0
682 452 1.0
623 655 1.0
48 980 1.0
919 862 1.0
586 255 1.0
376 857 1.0
896 780 1.0
632 565 1.0
603 55 1.0
436 872 1.0
719 906 1.0
391 133 1.0
618 462 1.0
408 966 1.0
90 642 1.0
0 706 1.0
171 655 1.0
953 774 1.0
62 276 1.0
271 653 1.0
498 718 1.0
290 410 1.0
775 244 1.0
402 115 1.0
158 403 1.0
401 893 1.0
170 365 1.0
212 548 1.0
632 698 1.0
730 713 1.0
754 321 1.0
203 187 1.0
336 37 1.0
889 921 1.0
829 306 1.0
114 44 1.0
615 566 1.0
419 967 1.0
239 914 1.0
822 144 1.0
725 993 1.0
164 958 1.0
764 38 1.0
603 546 1.0
355 455 1.0
354 752 1.0
218 702 1.0
87 117 1.0
633 243 1.0
23 200 1.0
476 517 1.0
902 427 1.0
600 240 1.0
234 352 1.0
335 14 1.0
772 222 1.0
480 584 1.0
158 371 1.0
135 596 1.0
357 65 1.0
811 918 1.0
992 667 1.0
442 616 1.0
174 550 1.0
990 844 1.0
284 522 1.0
787 974 1.0
12 201 1.0
366 220 1.0
567 900 1.0
71 887 1.0
948 514 1.0
999 834 1.0
21 467 1.0
842 599 1.0
256 294 1.0
598 999 1.0
164 593 1.0
594 464 1.0
559 687 1.0
687 334 1.0
814 872 1.0
530 12 1.0
557 86 1.0
567 330 1.0
994 300 1.0
527 174 1.0
166 695 1.0
186 413 1.0
827 159 1.0
749 729 1.0
462 868 1.0
661 793 1.0
854 634 1.0
634 726 1.0
843 575 1.0
92 186 1.0
543 538 1.0
177 160 1.0
392 123 1.0
180 825 1.0
947 935 1.0
599 675 1.0
98 979 1.0
874 505 1.0
215 910 1.0
664 688 1.0
510 249 1.0
265 837 1.0
374 784 1.0
850 809 1.0
744 911 1.0
366 31 1.0
422 255 1.0
704 210 1.0
517 160 1.0
230 169 1.0
683 495 1.0
175 165 1.0
640 967 1.0
925 103 1.0
497 993 1.0
132 556 1.0
576 390 1.0
176 810 1.0
85 569 1.0
266 386 1.0
151 271 1.0
724 830 1.0
43 264 1.0
191 313 1.0
684 789 1.0
132 188 1.0
216 897 1.0
168 789 1.0
769 746 1.0
773 679 1.0
505 640 1.0
895 870 1.0
244 354 1.0
172 433 1.0
137 853 1.0
947 529 1.0
265 494 1.0
21 582 1.0
238 220 1.0
743 934 1.0
197 193 1.0
597 776 1.0
764 968 1.0
512 882 1.0
492 558 1.0
881 656 1.0
871 938 1.0
627 854 1.0
2 854 1.0
748 698 1.0
428 253 1.0
284 109 1.0
173 981 1.0
843 672 1.0
223 244 1.0
263 417 1.0
936 669 1.0
859 229 1.0
797 298 1.0
969 653 1.0
880 424 1.0
809 851 1.0
163 288 1.0
103 564 1.0
482 938 1.0
744 885 1.0
53 465 1.0
420 463 1.0
467 955 1.0
149 700 1.0
431 544 1.0
607 761 1.0
277 240 1.0
749 20 1.0
421 335 1.0
594 534 1.0
735 403 1.0
965 528 1.0
934 937 1.0
162 55 1.0
77 645 1.0
528 265 1.0
788 208 1.0
477 910 1.0
643 938 1.0
947 58 1.0
716 583 1.0
422 719 1.0
53 763 1.0
692 357 1.0
547 776 1.0
531 276 1.0
904 220 1.0
677 958 1.0
918 558 1.0
62 647 1.0
465 688 1.0
852 942 1.0
833 619 1.0
390 355 1.0
245 775 1.0
822 529 1.0
776 346 1.0
126 339 1.0
830 14 1.0
606 192 1.0
96 589 1.0
492 128 1.0
475 110 1.0
529 950 1.0
77 607 1.0
944 578 1.0
917 197 1.0
652 482 1.0
255 926 1.0
33 997 1.0
20 745 1.0
121 625 1.0
735 292 1.0
810 208 1.0
780 492 1.0
994 710 1.0
429 513 1.0
401 679 1.0
610 343 1.0
266 780 1.0
951 81 1.0
481 668 1.0
881 334 1.0
245 740 1.0
105 990 1.0
415 778 1.0
455 612 1.0
729 51 1.0
551 947 1.0
984 378 1.0
7 129 1.0
202 2 1.0
894 329 1.0
384 752 1.0
614 250 1.0
988 436 1.0
123 683 1.0
628 566 1.0
922 905 1.0
517 498 1.0
74 84 1.0
680 598 1.0
77 936 1.0
783 561 1.0
119 111 1.0
744 308 1.0
462 329 1.0
297 186 1.0
184 93 1.0
978 232 1.0
975 431 1.0
357 343 1.0
408 338 1.0
641 647 1.0
215 733 1.0
722 820 1.0
947 696 1.0
250 442 1.0
648 621 1.0
203 362 1.0
200 985 1.0
218 493 1.0
128 378 1.0
261 213 1.0
817 480 1.0
533 360 1.0
844 469 1.0
965 870 1.0
260 431 1.0
920 0 1.0
111 667 1.0
14 497 1.0
557 721 1.0
503 94 1.0
231 532 1.0
918 463 1.0
489 24 1.0
814 142 1.0
503 308 1.0
544 668 1.0
563 936 1.0
883 696 1.0
285 101 1.0
370 553 1.0
81 961 1.0
657 353 1.0
300 426 1.0
952 322 1.0
391 424 1.0
494 290 1.0
194 565 1.0
750 224 1.0
417 478 1.0
325 662 1.0
434 320 1.0
377 727 1.0
445 333 1.0
763 367 1.0
138 735 1.0
93 168 1.0
470 657 1.0
397 601 1.0
510 771 1.0
688 86 1.0
281 660 1.0
895 357 1.0
529 575 1.0
332 596 1.0
754 17 1.0
293 598 1.0
410 694 1.0
712 29 1.0
183 473 1.0
669 414 1.0
739 898 1.0
983 770 1.0
283 943 1.0
266 913 1.0
195 638 1.0
894 622 1.0
187 70 1.0
250 80 1.0
676 275 1.0
521 612 1.0
171 801 1.0
296 830 1.0
869 742 1.0
957 463 1.0
137 258 1.0
161 861 1.0
905 583 1.0
31 592 1.0
952 874 1.0
250 616 1.0
604 426 1.0
474 330 1.0
893 774 1.0
439 570 1.0
964 97 1.0
668 96 1.0
76 287 1.0
133 685 1.0
20 839 1.0
496 156 1.0
811 320 1.0
783 699 1.0
178 814 1.0
508 257 1.0
533 987 1.0
4 351 1.0
162 552 1.0
964 449 1.0
79 91 1.0
350 956 1.0
367 208 1.0
917 975 1.0
6 707 1.0
339 20 1.0
216 201 1.0
898 493 1.0
29 668 1.0
896 321 1.0
696 574 1.0
424 854 1.0
90 114 1.0
8 614 1.0
243 727 1.0
773 300 1.0
984 22 1.0
71 201 1.0
707 522 1.0
871 164 1.0
796 858 1.0
760 150 1.0
497 634 1.0
616 246 1.0
826 382 1.0
793 847 1.0
18 623 1.0
920 942 1.0
742 436 1.0
385 225 1.0
755 139 1.0
404 527 1.0
835 887 1.0
643 932 1.0
545 784 1.0
289 883 1.0
768 888 1.0
995 356 1.0
951 946 1.0
338 941 1.0
879 115 1.0
159 667 1.0
746 259 1.0
814 360 1.0
774 570 1.0
291 35 1.0
928 221 1.0
719 805 1.0
529 304 1.0
531 32 1.0
268 706 1.0
2 480 1.0
685 630 1.0
995 171 1.0
235 702 1.0
469 138 1.0
550 312 1.0
265 384 1.0
361 371 1.0
699 951 1.0
704 824 1.0
809 664 1.0
867 427 1.0
633 673 1.0
729 920 1.0
415 334 1.0
53 976 1.0
924 34 1.0
12 460 1.0
471 220 1.0
612 742 1.0
256 437 1.0
359 404 1.0
639 486 1.0
13 606 1.0
489 460 1.0
837 477 1.0
171 646 1.0
300 556 1.0
596 162 1.0
243 104 1.0
471 93 1.0
213 490 1.0
142 186 1.0
910 305 1.0
936 791 1.0
276 289 1.0
899 381 1.0
410 88 1.0
826 806 1.0
752 342 1.0
191 999 1.0
595 850 1.0
793 37 1.0
331 185 1.0
439 994 1.0
815 624 1.0
251 350 1.0
610 150 1.0
840 439 1.0
161 733 1.0
844 252 1.0
435 144 1.0
606 467 1.0
583 876 1.0
128 696 1.0
264 576 1.0
229 151 1.0
964 134 1.0
284 703 1.0
448 970 1.0
539 270 1.0
645 56 1.0
420 569 1.0
342 975 1.0
370 379 1.0
775 882 1.0
228 970 1.0
423 970 1.0
689 175 1.0
214 23 1.0
802 524 1.0
791 855 1.0
435 5 1.0
783 435 1.0
770 161 1.0
387 734 1.0
830 849 1.0
413 231 1.0
512 229 1.0
976 363 1.0
53 91 1.0
679 69 1.0
313 257 1.0
969 609 1.0
796 968 1.0
631 890 1.0
569 969 1.0
340 633 1.0
842 377 1.0
364 534 1.0
141 222 1.0
853 654 1.0
977 265 1.0
328 173 1.0
201 643 1.0
408 971 1.0
71 266 1.0
849 497 1.0
970 59 1.0
778 298 1.0
832 799 1.0
139 172 1.0
628 640 1.0
591 966 1.0
144 666 1.0
315 762 1.0
787 652 1.0
612 170 1.0
917 166 1.0
212 427 1.0
766 259 1.0
630 271 1.0
506 846 1.0
181 740 1.0
918 422 1.0
376 168 1.0
715 523 1.0
193 734 1.0
402 952 1.0
360 464 1.0
431 609 1.0
572 173 1.0
726 820 1.0
42 937 1.0
608 713 1.0
294 468 1.0
650 486 1.0
292 839 1.0
91 919 1.0
247 418 1.0
173 465 1.0
479 341 1.0
504 536 1.0
381 218 1.0
903 148 1.0
654 661 1.0
455 295 1.0
813 357 1.0
694 972 1.0
404 650 1.0
988 967 1.0
627 679 1.0
548 680 1.0
268 721 1.0
196 328 1.0
16 685 1.0
443 629 1.0
338 65 1.0
277 646 1.0
445 181 1.0
996 167 1.0
173 785 1.0
744 920 1.0
720 74 1.0
512 473 1.0
551 796 1.0
381 243 1.0
165 871 1.0
938 843 1.0
686 43 1.0
798 792 1.0
945 981 1.0
895 258 1.0
902 554 1.0
800 307 1.0
248 249 1.0
819 679 1.0
404 403 1.0
744 973 1.0
560 444 1.0
948 269 1.0
28 993 1.0
770 409 1.0
332 641 1.0
301 942 1.0
947 541 1.0
835 522 1.0
816 1 1.0
91 661 1.0
4 643 1.0
591 314 1.0
842 113 1.0
443 540 1.0
278 141 1.0
627 131 1.0
542 690 1.0
232 118 1.0
195 885 1.0
347 425 1.0
736 22 1.0
128 798 1.0
409 390 1.0
308 925 1.0
821 585 1.0
55 509 1.0
523 258 1.0
690 524 1.0
26 439 1.0
778 670 1.0
891 363 1.0
450 859 1.0
404 758 1.0
373 353 1.0
817 962 1.0
627 287 1.0
371 700 1.0
58 71 1.0
218 289 1.0
401 372 1.0
108 660 1.0
359 995 1.0
802 212 1.0
760 947 1.0
473 408 1.0
951 646 1.0
78 564 1.0
245 680 1.0
897 507 1.0
232 301 1.0
834 101 1.0
260 764 1.0
447 263 1.0
461 896 1.0
612 584 1.0
882 675 1.0
248 415 1.0
996 194 1.0
398 48 1.0
612 246 1.0
