100
230
33 62 24
23 81 44
30 25 2
65 14 31
57 80 30
19 3 17
49 71 31
2 59 21
6 98 17
7 28 3
41 55 16
53 89 22
5 47 8
72 36 29
97 1 41
1 37 49
75 32 19
48 10 32
41 65 40
29 60 17
15 18 7
4 3 3
61 8 8
6 62 30
47 41 38
32 10 47
57 22 39
95 72 39
55 78 39
24 55 43
31 68 18
3 5 1
79 29 14
22 70 47
78 35 44
17 67 29
28 58 49
65 44 39
16 78 33
10 30 8
27 15 27
79 53 34
7 31 9
46 82 43
79 27 44
78 22 34
7 22 43
82 65 16
6 28 26
45 27 10
86 3 40
47 25 13
47 53 27
25 15 46
59 25 41
89 72 15
73 91 6
93 57 45
46 7 23
96 33 32
22 46 22
2 16 21
15 85 25
12 96 41
24 17 9
91 52 19
65 81 45
81 2 24
78 54 34
17 89 47
94 45 30
77 95 37
69 60 47
53 40 42
87 32 10
62 0 41
12 84 30
22 60 40
48 27 16
36 1 44
49 54 35
94 79 44
22 96 3
56 39 21
12 83 18
11 65 44
13 89 41
25 35 13
67 43 15
9 99 27
3 52 24
30 67 47
64 32 39
38 40 48
94 5 35
40 3 7
13 41 25
40 26 13
70 20 45
76 9 27
62 22 16
14 57 40
95 55 4
38 78 46
20 21 8
78 50 16
98 85 35
22 55 35
91 94 3
27 92 35
36 4 5
41 96 14
76 81 32
84 65 20
63 31 23
64 58 27
46 43 7
66 30 28
52 19 39
35 77 29
4 33 46
84 37 32
11 13 42
2 94 28
56 86 9
17 13 35
15 10 17
37 0 49
72 53 44
52 96 47
97 24 43
53 31 12
67 34 44
81 13 45
78 23 45
86 84 10
27 47 20
7 66 29
84 21 36
4 81 17
10 89 12
17 15 21
8 93 10
72 44 38
83 27 4
74 29 9
98 68 38
7 10 42
73 62 11
88 61 36
77 8 4
73 99 18
81 46 29
51 33 32
99 98 40
31 46 22
12 69 37
79 92 5
50 12 19
73 72 49
92 31 15
30 28 33
88 51 25
81 49 47
35 36 34
75 29 23
49 88 21
67 73 29
40 22 27
72 52 1
19 94 15
99 94 35
68 39 40
20 5 6
51 15 25
98 3 46
27 49 5
76 86 6
54 88 46
37 86 16
87 28 0
53 25 21
61 55 48
34 62 20
31 10 17
76 93 0
7 39 38
34 16 8
20 69 42
51 93 11
66 3 34
30 91 44
54 86 5
9 48 15
70 44 39
82 92 48
70 87 11
66 6 28
6 96 4
56 12 27
7 92 42
89 35 32
97 30 43
37 63 46
23 80 48
46 45 42
57 68 11
24 85 23
35 69 9
73 9 31
57 12 48
35 23 33
22 29 28
18 74 35
75 5 30
90 57 28
78 42 26
14 81 20
66 26 16
41 43 27
47 10 4
35 44 46
88 24 48
68 10 24
18 45 14
54 81 33
99 75 0
26 87 12
10 51 26
15 62 32
