100
250
25 48 1.0
14 55 1.0
56 99 1.0
75 27 1.0
68 96 1.0
9 54 1.0
80 1 1.0
6 14 1.0
3 76 1.0
62 45 1.0
34 98 1.0
41 22 1.0
66 11 1.0
94 86 1.0
24 55 1.0
5 74 1.0
14 17 1.0
81 78 1.0
48 95 1.0
34 77 1.0
68 79 1.0
68 81 1.0
88 93 1.0
49 53 1.0
80 15 1.0
18 11 1.0
49 19 1.0
50 73 1.0
50 85 1.0
10 70 1.0
46 20 1.0
71 15 1.0
39 87 1.0
78 4 1.0
32 65 1.0
74 62 1.0
84 75 1.0
96 76 1.0
44 31 1.0
26 76 1.0
9 72 1.0
52 5 1.0
99 10 1.0
50 40 1.0
42 37 1.0
95 16 1.0
68 94 1.0
79 24 1.0
12 19 1.0
4 61 1.0
57 67 1.0
76 90 1.0
39 46 1.0
33 62 1.0
17 83 1.0
38 43 1.0
41 2 1.0
73 83 1.0
60 91 1.0
74 22 1.0
23 14 1.0
6 98 1.0
21 5 1.0
94 64 1.0
71 62 1.0
81 27 1.0
90 15 1.0
48 41 1.0
52 84 1.0
77 31 1.0
39 77 1.0
23 83 1.0
7 59 1.0
56 77 1.0
48 29 1.0
91 61 1.0
93 4 1.0
93 76 1.0
73 77 1.0
67 12 1.0
2 99 1.0
58 50 1.0
21 31 1.0
9 23 1.0
27 78 1.0
82 85 1.0
98 63 1.0
93 25 1.0
47 36 1.0
26 5 1.0
46 3 1.0
95 73 1.0
9 70 1.0
72 79 1.0
60 52 1.0
28 88 1.0
71 52 1.0
90 75 1.0
58 35 1.0
65 22 1.0
96 23 1.0
27 70 1.0
8 93 1.0
90 21 1.0
42 80 1.0
5 91 1.0
10 12 1.0
75 91 1.0
3 87 1.0
15 96 1.0
69 16 1.0
26 35 1.0
59 40 1.0
67 81 1.0
25 86 1.0
66 63 1.0
39 56 1.0
27 55 1.0
63 82 1.0
80 94 1.0
71 28 1.0
32 30 1.0
32 11 1.0
31 96 1.0
69 15 1.0
91 71 1.0
16 31 1.0
69 51 1.0
16 77 1.0
18 53 1.0
75 41 1.0
68 57 1.0
72 55 1.0
21 43 1.0
57 49 1.0
82 11 1.0
19 10 1.0
80 66 1.0
65 88 1.0
82 16 1.0
61 15 1.0
89 48 1.0
57 23 1.0
9 90 1.0
82 80 1.0
15 1 1.0
48 53 1.0
94 36 1.0
21 15 1.0
75 45 1.0
90 34 1.0
78 49 1.0
86 19 1.0
86 48 1.0
28 9 1.0
39 60 1.0
95 0 1.0
83 94 1.0
30 46 1.0
39 34 1.0
48 43 1.0
65 85 1.0
83 2 1.0
19 83 1.0
85 91 1.0
74 57 1.0
83 74 1.0
75 43 1.0
57 12 1.0
23 64 1.0
92 5 1.0
1 13 1.0
15 84 1.0
24 87 1.0
47 43 1.0
81 66 1.0
65 97 1.0
40 39 1.0
47 75 1.0
92 95 1.0
95 47 1.0
21 35 1.0
2 26 1.0
24 69 1.0
77 67 1.0
42 21 1.0
72 3 1.0
36 11 1.0
1 10 1.0
73 13 1.0
93 69 1.0
7 63 1.0
7 76 1.0
10 64 1.0
18 2 1.0
54 16 1.0
22 33 1.0
44 70 1.0
11 21 1.0
17 41 1.0
56 94 1.0
50 80 1.0
17 0 1.0
66 7 1.0
2 84 1.0
23 85 1.0
41 26 1.0
52 34 1.0
67 58 1.0
63 48 1.0
58 49 1.0
28 59 1.0
84 47 1.0
54 8 1.0
95 38 1.0
45 25 1.0
22 52 1.0
33 65 1.0
80 9 1.0
44 22 1.0
87 23 1.0
98 2 1.0
21 13 1.0
97 93 1.0
89 67 1.0
51 96 1.0
15 4 1.0
80 5 1.0
87 90 1.0
64 29 1.0
76 95 1.0
5 18 1.0
38 5 1.0
83 44 1.0
65 47 1.0
86 74 1.0
87 55 1.0
35 4 1.0
21 51 1.0
51 28 1.0
85 6 1.0
81 26 1.0
33 5 1.0
16 17 1.0
98 12 1.0
78 82 1.0
42 64 1.0
37 54 1.0
14 33 1.0
2 37 1.0
