100
230
33 62 24.56
23 81 44.9
30 25 2.66
65 14 31.98
57 80 30.51
19 3 17.53
49 71 31.41
2 59 21.58
6 98 17.48
7 28 3.61
41 55 16.64
53 89 22.54
5 47 8.05
72 36 29.69
97 1 41.34
1 37 49.74
75 32 19.7
48 10 32.22
41 65 40.4
29 60 17.41
15 18 7.34
4 3 3.73
61 8 8.52
6 62 30.27
47 41 38.49
32 10 47.35
57 22 39.78
95 72 39.93
55 78 39.64
24 55 43.77
31 68 18.6
3 5 1.57
79 29 14.8
22 70 47.21
78 35 44.19
17 67 29.01
28 58 49.61
65 44 39.6
16 78 33.42
10 30 8.35
27 15 27.21
79 53 34.46
7 31 9.14
46 82 43.12
79 27 44.02
78 22 34.61
7 22 43.81
82 65 16.28
6 28 26.7
45 27 10.42
86 3 40.62
47 25 13.65
47 53 27.48
25 15 46.8
59 25 41.69
89 72 15.56
73 91 6.41
93 57 45.02
46 7 23.4
96 33 32.71
22 46 22.27
2 16 21.32
15 85 25.43
12 96 41.28
24 17 9.31
91 52 19.26
65 81 45.51
81 2 24.9
78 54 34.03
17 89 47.08
94 45 30.03
77 95 37.96
69 60 47.28
53 40 42.24
87 32 10.95
62 0 41.83
12 84 30.24
22 60 40.84
48 27 16.47
36 1 44.3
49 54 35.49
94 79 44.33
22 96 3.97
56 39 21.36
12 83 18.35
11 65 44.32
13 89 41.3
25 35 13.01
67 43 15.29
9 99 27.86
3 52 24.87
30 67 47.07
64 32 39.4
38 40 48.97
94 5 35.57
40 3 7.71
13 41 25.08
40 26 13.91
70 20 45.86
76 9 27.71
62 22 16.67
14 57 40.87
95 55 4.19
38 78 46.14
20 21 8.15
78 50 16.63
98 85 35.09
22 55 35.45
91 94 3.87
27 92 35.76
36 4 5.95
41 96 14.69
76 81 32.3
84 65 20.1
63 31 23.96
64 58 27.89
46 43 7.66
66 30 28.96
52 19 39.2
35 77 29.2
4 33 46.59
84 37 32.74
11 13 42.39
2 94 28.91
56 86 9.62
17 13 35.51
15 10 17.02
37 0 49.74
72 53 44.25
52 96 47.46
97 24 43.26
53 31 12.59
67 34 44.97
81 13 45.43
78 23 45.7
86 84 10.07
27 47 20.07
7 66 29.94
84 21 36.47
4 81 17.66
10 89 12.31
17 15 21.27
8 93 10.95
72 44 38.43
83 27 4.82
74 29 9.41
98 68 38.43
7 10 42.66
73 62 11.76
88 61 36.9
77 8 4.91
73 99 18.08
81 46 29.56
51 33 32.51
99 98 40.15
31 46 22.81
12 69 37.48
79 92 5.53
50 12 19.48
73 72 49.16
92 31 15.46
30 28 33.64
88 51 25.61
81 49 47.5
35 36 34.43
75 29 23.65
49 88 21.22
67 73 29.7
40 22 27.94
72 52 1.1
19 94 15.28
99 94 35.74
68 39 40.35
20 5 6.73
51 15 25.43
98 3 46.18
27 49 5.89
76 86 6.35
54 88 46.51
37 86 16.32
87 28 0.03
53 25 21.48
61 55 48.38
34 62 20.65
31 10 17.42
76 93 0.33
7 39 38.1
34 16 8.54
20 69 42.91
51 93 11.52
66 3 34.55
30 91 44.79
54 86 5.09
9 48 15.7
70 44 39.56
82 92 48.18
70 87 11.42
66 6 28.08
6 96 4.95
56 12 27.25
7 92 42.33
89 35 32.73
97 30 43.17
37 63 46.82
23 80 48.87
46 45 42.73
57 68 11.97
24 85 23.48
35 69 9.3
73 9 31.38
57 12 48.19
35 23 33.78
22 29 28.25
18 74 35.8
75 5 30.89
90 57 28.37
78 42 26.67
14 81 20.53
66 26 16.39
41 43 27.95
47 10 4.92
35 44 46.04
88 24 48.44
68 10 24.77
18 45 14.4
54 81 33.93
99 75 0.83
26 87 12.53
10 51 26.03
15 62 32.8
