100
400
79 65 1.0
79 48 1.0
65 17 1.0
65 62 1.0
65 34 1.0
48 95 1.0
17 3 1.0
48 55 1.0
79 7 1.0
95 41 1.0
17 44 1.0
62 25 1.0
55 40 1.0
65 61 1.0
7 67 1.0
7 47 1.0
61 14 1.0
48 37 1.0
14 38 1.0
55 74 1.0
67 30 1.0
47 55 1.0
95 30 1.0
40 17 1.0
74 63 1.0
40 21 1.0
55 29 1.0
47 35 1.0
74 9 1.0
48 35 1.0
3 43 1.0
95 19 1.0
95 24 1.0
55 43 1.0
65 32 1.0
44 52 1.0
41 57 1.0
19 0 1.0
41 16 1.0
67 54 1.0
30 55 1.0
95 44 1.0
0 86 1.0
47 99 1.0
40 76 1.0
21 97 1.0
43 19 1.0
65 55 1.0
65 24 1.0
61 23 1.0
30 71 1.0
62 91 1.0
30 35 1.0
34 67 1.0
25 19 1.0
16 22 1.0
7 63 1.0
63 53 1.0
23 63 1.0
61 70 1.0
32 77 1.0
7 89 1.0
23 50 1.0
34 92 1.0
40 9 1.0
62 84 1.0
34 14 1.0
99 80 1.0
30 51 1.0
9 88 1.0
22 75 1.0
70 12 1.0
54 64 1.0
17 78 1.0
29 86 1.0
30 68 1.0
86 66 1.0
95 31 1.0
21 37 1.0
30 97 1.0
40 12 1.0
78 49 1.0
37 84 1.0
25 34 1.0
47 8 1.0
64 11 1.0
19 49 1.0
24 69 1.0
38 49 1.0
23 25 1.0
67 85 1.0
12 43 1.0
89 47 1.0
92 88 1.0
37 64 1.0
67 69 1.0
76 84 1.0
22 70 1.0
99 5 1.0
9 78 1.0
24 67 1.0
91 64 1.0
71 78 1.0
69 66 1.0
91 80 1.0
89 51 1.0
64 8 1.0
48 84 1.0
51 4 1.0
31 88 1.0
57 52 1.0
86 93 1.0
25 27 1.0
62 37 1.0
37 61 1.0
37 7 1.0
8 91 1.0
54 56 1.0
99 68 1.0
53 91 1.0
37 68 1.0
78 74 1.0
37 31 1.0
37 96 1.0
89 42 1.0
71 47 1.0
79 67 1.0
95 7 1.0
92 7 1.0
66 20 1.0
62 69 1.0
25 95 1.0
52 97 1.0
38 58 1.0
76 13 1.0
84 35 1.0
17 27 1.0
56 24 1.0
43 9 1.0
77 29 1.0
50 30 1.0
97 31 1.0
23 31 1.0
16 78 1.0
57 79 1.0
78 92 1.0
95 22 1.0
52 60 1.0
14 3 1.0
93 3 1.0
35 29 1.0
65 90 1.0
65 84 1.0
89 69 1.0
37 24 1.0
53 17 1.0
30 93 1.0
14 95 1.0
40 98 1.0
89 94 1.0
98 84 1.0
51 28 1.0
32 25 1.0
88 34 1.0
35 46 1.0
19 14 1.0
67 8 1.0
92 67 1.0
34 66 1.0
85 30 1.0
95 54 1.0
49 59 1.0
0 94 1.0
46 14 1.0
41 2 1.0
67 72 1.0
8 97 1.0
13 57 1.0
62 32 1.0
25 83 1.0
23 49 1.0
86 90 1.0
20 89 1.0
89 1 1.0
25 78 1.0
12 15 1.0
48 1 1.0
98 63 1.0
63 8 1.0
92 53 1.0
19 8 1.0
86 44 1.0
63 84 1.0
62 78 1.0
9 64 1.0
62 9 1.0
93 23 1.0
60 77 1.0
96 52 1.0
17 24 1.0
93 96 1.0
1 42 1.0
91 99 1.0
27 49 1.0
64 49 1.0
79 69 1.0
30 96 1.0
27 26 1.0
16 52 1.0
71 29 1.0
99 38 1.0
13 66 1.0
63 88 1.0
31 73 1.0
2 5 1.0
90 15 1.0
69 50 1.0
32 92 1.0
60 49 1.0
48 44 1.0
48 58 1.0
47 66 1.0
48 26 1.0
11 98 1.0
64 4 1.0
42 62 1.0
25 30 1.0
92 48 1.0
4 36 1.0
47 10 1.0
79 84 1.0
32 17 1.0
94 38 1.0
12 42 1.0
31 29 1.0
20 49 1.0
3 84 1.0
86 62 1.0
3 96 1.0
1 43 1.0
92 83 1.0
4 47 1.0
85 22 1.0
26 61 1.0
15 19 1.0
86 94 1.0
43 15 1.0
41 54 1.0
3 81 1.0
84 27 1.0
21 57 1.0
58 11 1.0
16 74 1.0
72 54 1.0
75 84 1.0
55 6 1.0
80 13 1.0
25 49 1.0
59 51 1.0
8 41 1.0
57 0 1.0
64 84 1.0
10 95 1.0
26 51 1.0
10 13 1.0
11 84 1.0
7 2 1.0
8 26 1.0
46 63 1.0
77 22 1.0
98 92 1.0
9 46 1.0
19 62 1.0
54 59 1.0
91 38 1.0
90 31 1.0
2 83 1.0
97 64 1.0
54 23 1.0
79 50 1.0
15 50 1.0
26 80 1.0
24 57 1.0
5 64 1.0
95 12 1.0
1 82 1.0
6 3 1.0
99 21 1.0
96 88 1.0
61 57 1.0
86 3 1.0
11 8 1.0
67 97 1.0
85 96 1.0
73 20 1.0
95 32 1.0
37 19 1.0
47 36 1.0
69 92 1.0
58 36 1.0
19 92 1.0
13 62 1.0
53 89 1.0
83 14 1.0
11 44 1.0
4 12 1.0
66 93 1.0
24 60 1.0
76 30 1.0
80 68 1.0
57 72 1.0
56 55 1.0
92 91 1.0
71 37 1.0
27 69 1.0
86 14 1.0
59 96 1.0
83 52 1.0
58 54 1.0
36 49 1.0
31 33 1.0
95 70 1.0
31 82 1.0
32 99 1.0
97 54 1.0
72 56 1.0
23 11 1.0
23 6 1.0
36 95 1.0
94 2 1.0
38 31 1.0
41 29 1.0
57 82 1.0
94 78 1.0
90 11 1.0
11 33 1.0
6 91 1.0
10 89 1.0
65 4 1.0
82 94 1.0
30 82 1.0
6 16 1.0
4 2 1.0
98 66 1.0
97 76 1.0
50 56 1.0
53 80 1.0
58 77 1.0
6 96 1.0
63 1 1.0
26 92 1.0
11 31 1.0
3 60 1.0
54 47 1.0
93 42 1.0
8 80 1.0
84 68 1.0
64 21 1.0
44 35 1.0
10 61 1.0
57 31 1.0
82 64 1.0
65 82 1.0
37 2 1.0
12 10 1.0
20 59 1.0
60 82 1.0
59 79 1.0
26 95 1.0
84 53 1.0
65 39 1.0
59 17 1.0
12 85 1.0
89 70 1.0
37 94 1.0
81 25 1.0
91 16 1.0
38 83 1.0
1 13 1.0
34 55 1.0
14 33 1.0
86 56 1.0
92 85 1.0
8 57 1.0
19 77 1.0
68 27 1.0
97 92 1.0
8 35 1.0
80 19 1.0
29 3 1.0
60 63 1.0
0 48 1.0
55 25 1.0
10 29 1.0
96 61 1.0
72 25 1.0
38 11 1.0
54 12 1.0
33 32 1.0
96 23 1.0
