100
423
89 26 29.5
89 32 0.62
26 7 5.53
32 60 0.24
32 50 48.29
89 91 14.22
32 39 3.26
50 78 17.45
60 1 24.5
26 85 29.39
7 52 32.53
50 92 43.42
78 54 1.35
39 4 28.98
54 88 43.64
7 49 18.98
88 67 38.05
78 19 1.78
39 81 43.42
7 23 45.1
60 91 22.96
85 96 39.25
52 42 5.38
85 48 8.25
26 92 41.07
60 98 0.51
48 37 18.88
50 43 35.04
85 32 43.03
48 99 45.61
81 21 30.37
48 79 32.31
50 10 25.19
19 46 49.82
1 32 42.77
98 34 31.9
67 73 42.84
1 69 24.2
89 14 1.2
52 62 21.43
85 35 41.1
48 19 30.05
52 19 5.8
23 42 5.02
98 67 0.57
1 66 37.49
52 8 0.39
1 11 7.43
39 0 40.86
49 13 35.88
19 40 41.32
19 53 19.79
62 61 6.13
21 79 37.18
0 75 16.97
34 29 15.18
98 75 38.04
88 39 30.39
19 60 41.85
37 88 15.99
40 44 17.06
0 68 17.65
99 37 13.0
67 65 2.6
81 40 15.05
43 70 23.38
21 63 36.14
49 66 42.61
19 94 48.73
48 76 12.68
48 8 25.6
99 71 32.03
75 61 4.65
4 78 49.83
85 86 36.19
70 2 45.82
7 10 35.51
67 42 3.32
49 29 48.67
50 93 33.66
40 33 40.48
34 67 18.56
81 94 41.64
39 89 46.91
91 59 46.17
44 88 33.48
14 17 31.34
43 83 20.42
42 44 29.58
33 15 26.55
40 83 16.11
37 20 25.77
8 57 36.43
94 62 3.44
11 75 35.05
53 38 8.68
53 11 10.65
10 44 41.48
39 15 12.88
48 41 35.74
93 33 13.29
50 36 23.13
44 31 25.67
2 42 38.28
60 77 21.82
85 56 2.69
29 88 34.47
68 77 3.38
21 71 12.98
65 94 12.38
69 94 46.38
81 23 24.86
2 18 45.12
37 45 27.01
52 46 25.21
32 68 39.45
13 61 18.25
76 36 18.54
35 99 36.18
11 21 35.71
77 75 2.72
13 48 44.48
73 44 21.86
33 61 36.03
79 98 39.81
7 9 26.6
83 71 18.83
38 16 14.34
46 47 29.95
16 22 38.95
71 98 37.16
23 26 24.72
20 83 37.12
49 97 37.32
1 87 28.64
79 47 0.02
83 9 18.56
7 22 21.0
63 38 3.4
56 73 33.05
65 13 8.88
36 48 17.68
76 82 25.55
88 26 41.12
97 68 37.36
4 44 29.75
88 22 39.88
8 40 25.44
61 54 12.16
41 5 11.86
57 96 19.37
87 91 42.24
67 18 36.87
7 88 44.32
17 27 14.66
94 97 24.66
2 84 3.46
23 5 31.07
4 95 3.98
88 62 12.03
22 19 38.83
48 89 14.89
31 61 6.4
78 92 9.06
86 30 47.55
45 92 11.89
83 98 18.35
52 35 19.74
14 57 46.97
2 72 36.15
97 0 26.66
95 28 8.45
56 10 49.66
47 27 14.29
99 47 45.52
59 89 44.72
36 69 46.36
9 47 19.88
5 50 18.38
84 93 18.63
7 93 31.51
92 44 35.58
78 34 49.37
62 43 41.85
50 69 11.04
22 31 22.21
45 14 14.89
34 69 25.25
26 99 30.23
69 46 24.79
46 84 19.63
35 86 19.05
27 53 23.99
48 40 46.46
7 80 34.34
69 93 45.32
33 83 39.38
69 2 22.96
8 50 15.57
88 58 14.72
7 47 24.95
28 78 37.41
0 48 39.87
35 90 3.07
62 37 45.04
83 86 21.66
95 40 24.45
82 28 36.2
5 66 25.07
71 46 49.5
59 57 49.54
37 67 19.64
8 9 17.38
56 12 20.22
0 53 48.09
59 64 32.4
11 77 9.41
5 34 7.88
14 95 41.27
99 88 9.13
73 23 13.74
90 77 10.43
23 78 3.19
42 53 22.32
41 51 9.01
71 87 41.63
94 70 6.62
28 18 23.53
75 22 30.11
33 2 33.38
89 93 48.94
65 6 26.27
26 32 8.05
36 68 19.75
33 13 26.4
37 47 1.09
8 49 44.84
90 8 6.58
99 41 22.33
70 86 2.07
77 27 14.67
58 80 36.02
31 83 32.28
88 76 30.8
4 40 12.52
59 95 23.86
97 70 6.79
56 62 17.34
36 79 24.98
0 12 43.78
26 72 47.99
22 98 6.22
87 22 14.15
73 25 2.47
20 7 6.75
13 8 47.41
18 8 18.1
23 4 12.11
83 63 40.24
33 97 5.02
39 8 33.44
7 24 29.21
53 69 1.72
81 17 9.01
66 28 47.36
77 57 37.51
88 5 38.22
54 34 43.91
17 39 6.99
67 13 29.96
44 75 12.89
58 84 19.36
44 82 43.86
18 97 38.59
7 81 27.63
86 33 17.4
73 24 30.11
2 44 49.54
62 82 7.82
10 0 14.92
96 33 46.84
66 30 20.81
34 8 9.11
81 48 39.28
48 11 15.34
34 66 40.52
63 91 11.7
93 80 14.12
58 81 46.31
98 27 24.35
50 58 20.53
5 56 4.11
86 39 16.57
83 57 22.6
59 63 18.88
26 34 12.3
66 15 14.2
57 62 44.31
83 66 1.46
89 98 46.31
60 51 22.42
66 87 34.29
57 45 20.05
22 15 14.37
46 44 3.98
51 50 6.88
19 6 35.57
30 7 7.35
13 92 38.79
32 34 33.89
14 66 32.31
67 10 47.28
19 13 40.2
30 81 40.86
77 3 5.74
51 79 7.94
75 25 12.41
95 12 47.44
30 10 23.18
73 88 17.38
73 68 45.34
7 21 25.25
17 54 40.88
77 44 36.22
24 61 3.58
91 30 19.08
27 61 40.36
99 32 10.47
2 51 12.12
7 16 14.82
4 98 8.16
14 11 21.57
72 68 49.38
90 95 11.15
80 83 37.53
86 74 41.84
87 62 24.53
1 26 11.61
53 56 4.35
20 85 24.55
53 88 14.27
50 97 32.43
94 77 9.27
59 93 43.74
21 29 49.49
5 31 15.45
29 80 42.66
12 84 33.35
16 35 32.54
91 28 2.41
27 64 38.01
60 59 26.34
68 83 13.95
7 71 38.19
21 59 24.05
66 84 44.38
93 74 7.17
97 12 41.53
33 16 29.3
79 88 10.56
21 41 12.34
38 81 46.6
99 82 46.63
43 33 22.61
37 63 48.16
61 69 18.45
7 61 28.81
67 25 31.05
46 82 46.17
42 86 42.87
83 30 17.21
73 80 21.19
73 10 3.37
27 49 23.75
91 7 30.08
90 62 24.35
99 17 48.04
29 12 46.81
89 46 15.4
42 8 7.15
37 17 5.62
23 29 13.63
21 83 20.46
6 88 38.52
6 94 33.63
66 23 25.49
20 92 45.8
26 71 28.5
22 1 30.68
39 11 18.85
75 93 40.96
31 34 17.45
12 38 22.98
17 95 29.4
97 89 42.5
99 58 48.3
6 96 2.94
12 93 38.1
64 9 27.36
35 53 45.64
79 90 5.04
62 98 9.84
38 40 17.62
95 34 44.27
69 98 1.08
15 16 21.38
2 79 22.06
56 35 41.04
58 72 39.12
95 68 28.72
9 49 12.27
86 53 7.63
3 65 2.24
30 3 36.17
25 77 31.62
54 84 28.18
18 89 32.59
20 31 27.74
66 63 22.26
87 4 0.77
76 13 26.78
46 98 5.49
72 82 33.37
