100
383
36 27 42.92
11 43 40.0
87 83 19.04
26 55 2.98
98 86 27.15
33 68 18.28
84 90 19.22
83 45 30.4
59 67 14.03
35 21 8.46
68 9 47.13
6 71 18.9
43 28 11.63
63 19 49.5
98 2 33.57
29 44 25.38
67 75 20.36
60 38 43.2
57 14 31.79
51 14 15.62
63 83 33.92
95 61 35.84
50 85 33.1
58 56 41.19
79 43 1.08
9 20 25.51
79 72 42.65
30 27 22.42
52 60 23.92
70 52 5.29
94 86 22.79
23 49 25.4
15 54 33.22
23 40 36.52
1 86 1.27
98 72 33.03
64 6 44.28
95 11 8.4
65 5 3.75
60 95 22.98
99 16 9.19
37 50 2.98
77 52 32.74
60 40 27.52
30 34 43.59
75 13 46.9
3 55 27.53
40 74 13.21
3 18 18.98
31 94 43.94
2 58 2.18
24 99 30.34
93 18 23.78
66 72 44.68
99 44 21.08
64 41 45.11
24 27 9.02
71 4 22.31
44 86 34.31
45 96 29.47
71 45 46.86
43 18 36.1
7 62 7.13
15 86 46.56
72 31 42.96
38 76 26.24
6 53 40.97
55 24 31.74
11 60 5.83
38 20 46.79
70 96 45.13
14 91 32.05
12 19 39.08
91 90 5.45
22 21 31.67
63 0 29.25
24 77 34.89
44 15 41.73
88 19 17.67
52 13 34.05
56 50 9.49
59 41 37.42
87 73 32.17
77 58 1.92
36 92 33.95
37 49 15.77
73 29 37.38
50 24 32.99
1 85 26.15
65 35 48.44
65 82 36.0
60 55 31.25
82 80 32.27
16 11 1.51
61 70 49.46
95 53 10.94
21 67 38.53
71 66 14.62
44 11 14.06
85 95 0.06
98 89 16.53
5 8 19.59
64 28 4.54
36 34 3.87
25 45 18.14
9 96 17.62
4 44 7.2
59 58 3.52
88 36 48.0
34 42 46.3
14 82 27.18
73 83 27.53
90 46 4.75
0 39 30.5
37 38 26.81
50 48 46.23
48 8 44.06
24 72 23.66
67 17 4.83
96 18 2.01
31 96 8.22
83 77 38.38
84 57 0.43
61 18 48.97
50 74 36.83
27 99 22.33
84 30 49.93
38 42 39.2
91 67 8.17
66 83 3.17
90 36 0.39
93 60 18.84
9 3 33.88
94 52 16.84
75 47 43.19
63 61 48.71
56 96 15.52
50 26 2.74
83 31 47.89
75 89 45.95
76 45 13.01
84 54 28.36
17 64 23.45
23 19 43.36
33 47 48.49
31 62 21.65
64 36 3.85
75 59 47.23
52 54 2.1
65 0 20.75
96 67 21.18
8 77 9.42
54 12 18.49
18 94 13.03
84 13 41.07
57 26 42.09
4 47 5.68
65 47 48.17
21 46 48.37
37 39 15.79
37 2 20.08
37 14 22.21
17 56 33.17
82 2 44.41
2 44 44.21
4 13 42.18
50 38 39.87
1 35 22.54
31 23 25.95
77 3 43.43
91 46 4.57
92 0 43.89
78 93 10.87
91 38 44.18
83 39 18.34
50 51 41.24
94 73 11.62
18 16 34.39
43 51 16.68
0 56 1.57
73 94 20.6
27 85 7.84
26 39 21.97
90 42 35.18
81 82 14.01
12 39 15.16
46 20 34.69
66 19 26.6
32 42 0.86
87 84 21.12
15 66 42.22
34 72 46.78
80 92 18.02
71 22 13.39
6 11 15.71
54 28 29.21
84 81 17.54
78 40 45.42
68 24 22.4
95 16 3.1
88 74 37.67
96 90 10.67
21 76 2.11
26 47 49.81
17 37 2.01
69 62 43.19
48 15 11.62
2 97 16.38
38 69 4.47
97 35 31.79
46 73 11.01
27 36 19.04
31 67 4.3
13 67 39.66
98 19 29.87
72 84 29.49
85 8 19.2
31 30 29.3
74 66 49.63
85 69 39.6
14 84 47.08
77 89 44.47
87 11 21.87
55 99 47.19
36 2 18.08
15 12 8.31
10 49 49.56
95 36 23.58
39 68 5.09
80 67 28.72
53 84 6.3
2 51 20.39
68 98 18.68
26 80 24.23
59 77 34.14
0 27 24.48
63 58 38.32
5 96 4.2
57 17 41.39
78 45 30.72
67 42 44.07
83 22 32.57
40 18 4.32
29 38 3.39
3 54 16.38
76 5 33.2
99 84 10.73
97 9 9.49
37 3 32.81
40 62 48.88
68 65 8.37
70 64 15.18
7 71 5.72
64 54 1.05
38 50 8.43
93 91 48.72
37 59 17.24
28 21 9.81
19 98 45.53
76 19 20.55
32 11 46.25
23 61 3.96
4 18 38.87
18 31 1.76
6 72 20.81
76 51 42.36
94 76 6.17
18 73 21.24
37 67 32.62
52 50 10.92
94 26 5.99
80 2 9.99
5 57 29.76
73 16 24.01
40 23 27.27
77 88 36.12
21 26 34.94
55 27 41.4
81 22 18.79
24 4 13.24
59 26 41.67
54 71 39.13
82 53 36.02
80 7 10.42
39 80 15.21
31 54 23.42
48 90 36.83
0 5 48.9
9 49 12.88
54 48 45.15
73 54 7.88
29 93 48.84
34 75 0.67
5 1 13.84
39 24 23.62
38 61 41.08
4 81 37.68
49 13 30.83
95 82 29.23
82 28 40.84
22 9 6.2
12 13 24.97
81 89 44.48
18 5 7.06
17 59 33.8
17 24 40.46
46 78 37.92
56 31 1.2
1 68 25.35
6 96 11.39
18 61 45.64
79 83 40.01
42 21 20.89
58 8 30.32
77 22 43.98
43 24 6.47
66 53 22.95
61 63 35.54
94 89 31.61
84 70 9.37
35 71 8.19
26 83 20.77
8 68 22.43
69 71 9.76
14 58 44.19
16 24 39.54
2 64 23.55
13 38 36.41
77 92 5.72
12 24 29.82
71 96 12.87
85 50 23.21
35 50 47.83
54 83 13.13
44 93 43.85
78 54 38.07
48 54 5.77
3 50 28.62
27 30 9.62
68 15 47.39
19 92 0.61
4 65 23.33
66 63 49.65
67 52 36.44
89 7 18.55
89 49 47.2
54 99 5.9
91 60 14.3
21 24 21.15
85 79 24.8
78 89 49.15
4 98 33.17
92 27 36.82
64 37 41.95
75 50 6.54
38 6 9.25
34 31 22.91
46 25 1.22
34 1 28.57
66 37 16.17
4 90 6.21
37 82 42.99
3 41 16.5
68 35 28.43
43 94 5.52
52 27 16.72
78 75 21.49
61 73 40.1
99 27 27.64
20 65 30.81
61 44 46.87
73 62 43.5
68 39 24.54
1 43 21.81
87 36 47.61
33 8 14.76
13 5 46.26
62 74 33.41
21 55 15.99
68 77 10.7
55 79 11.13
9 29 44.27
70 32 35.98
