100
370
89 93 1.0
37 69 1.0
22 88 1.0
21 29 1.0
73 43 1.0
45 50 1.0
72 71 1.0
82 52 1.0
24 47 1.0
73 30 1.0
43 73 1.0
93 95 1.0
79 58 1.0
12 55 1.0
41 83 1.0
34 5 1.0
9 92 1.0
68 72 1.0
48 58 1.0
81 29 1.0
9 8 1.0
88 76 1.0
59 82 1.0
32 48 1.0
42 54 1.0
82 38 1.0
73 3 1.0
54 26 1.0
32 59 1.0
65 6 1.0
50 88 1.0
88 60 1.0
16 72 1.0
99 69 1.0
40 14 1.0
58 6 1.0
31 64 1.0
39 61 1.0
56 5 1.0
1 2 1.0
30 98 1.0
3 35 1.0
16 22 1.0
10 22 1.0
95 79 1.0
38 99 1.0
62 0 1.0
5 64 1.0
5 67 1.0
70 24 1.0
71 43 1.0
63 33 1.0
44 96 1.0
78 70 1.0
43 83 1.0
47 41 1.0
36 85 1.0
48 18 1.0
89 12 1.0
91 11 1.0
33 35 1.0
59 18 1.0
8 16 1.0
7 91 1.0
48 38 1.0
29 24 1.0
40 55 1.0
72 81 1.0
90 84 1.0
94 22 1.0
72 69 1.0
69 10 1.0
28 71 1.0
25 7 1.0
17 2 1.0
69 71 1.0
85 62 1.0
61 14 1.0
65 56 1.0
66 28 1.0
80 37 1.0
66 78 1.0
61 31 1.0
11 19 1.0
5 3 1.0
27 18 1.0
36 92 1.0
74 33 1.0
35 70 1.0
71 19 1.0
42 19 1.0
70 65 1.0
58 80 1.0
55 39 1.0
76 44 1.0
9 66 1.0
71 1 1.0
94 55 1.0
30 86 1.0
45 10 1.0
96 55 1.0
86 64 1.0
74 75 1.0
72 42 1.0
59 20 1.0
91 78 1.0
98 76 1.0
32 8 1.0
83 38 1.0
62 11 1.0
38 48 1.0
12 9 1.0
34 72 1.0
80 52 1.0
43 92 1.0
96 46 1.0
96 92 1.0
80 46 1.0
9 64 1.0
6 27 1.0
45 29 1.0
33 46 1.0
36 75 1.0
38 69 1.0
66 13 1.0
41 39 1.0
38 61 1.0
51 48 1.0
55 23 1.0
85 15 1.0
30 79 1.0
12 36 1.0
69 60 1.0
31 70 1.0
38 66 1.0
64 35 1.0
17 29 1.0
46 28 1.0
57 65 1.0
63 55 1.0
43 91 1.0
55 85 1.0
68 98 1.0
71 68 1.0
42 97 1.0
23 80 1.0
63 28 1.0
72 51 1.0
49 60 1.0
70 67 1.0
80 6 1.0
74 64 1.0
23 85 1.0
56 91 1.0
75 74 1.0
49 48 1.0
25 37 1.0
90 41 1.0
51 50 1.0
83 98 1.0
96 98 1.0
37 66 1.0
47 46 1.0
64 89 1.0
67 24 1.0
13 9 1.0
1 79 1.0
76 2 1.0
68 17 1.0
38 68 1.0
23 67 1.0
88 14 1.0
38 50 1.0
41 11 1.0
65 47 1.0
64 57 1.0
67 40 1.0
55 14 1.0
52 95 1.0
88 23 1.0
43 75 1.0
43 65 1.0
48 90 1.0
94 51 1.0
74 76 1.0
72 35 1.0
14 8 1.0
6 53 1.0
97 59 1.0
8 46 1.0
82 30 1.0
20 54 1.0
65 92 1.0
36 43 1.0
53 80 1.0
77 30 1.0
67 71 1.0
65 34 1.0
24 44 1.0
59 58 1.0
22 87 1.0
82 45 1.0
0 39 1.0
63 44 1.0
43 98 1.0
48 10 1.0
92 97 1.0
65 49 1.0
39 55 1.0
86 44 1.0
49 86 1.0
57 77 1.0
2 15 1.0
75 88 1.0
58 65 1.0
64 49 1.0
37 1 1.0
39 62 1.0
6 60 1.0
70 37 1.0
96 17 1.0
49 57 1.0
46 89 1.0
77 31 1.0
81 40 1.0
78 82 1.0
80 51 1.0
17 20 1.0
54 76 1.0
30 69 1.0
39 15 1.0
42 77 1.0
18 44 1.0
17 62 1.0
79 36 1.0
6 13 1.0
55 35 1.0
9 59 1.0
98 25 1.0
56 58 1.0
3 19 1.0
98 3 1.0
28 92 1.0
53 19 1.0
94 2 1.0
72 64 1.0
46 48 1.0
29 30 1.0
69 96 1.0
48 52 1.0
59 64 1.0
1 62 1.0
27 82 1.0
66 27 1.0
60 61 1.0
6 42 1.0
72 10 1.0
83 46 1.0
23 42 1.0
68 11 1.0
99 77 1.0
63 64 1.0
35 18 1.0
44 61 1.0
30 71 1.0
75 60 1.0
97 75 1.0
93 45 1.0
26 55 1.0
23 88 1.0
61 20 1.0
86 97 1.0
24 27 1.0
8 93 1.0
59 98 1.0
94 78 1.0
98 99 1.0
94 57 1.0
54 85 1.0
80 14 1.0
21 10 1.0
91 53 1.0
60 95 1.0
51 30 1.0
78 39 1.0
57 13 1.0
99 83 1.0
12 65 1.0
21 16 1.0
93 18 1.0
24 23 1.0
69 7 1.0
79 12 1.0
33 68 1.0
6 32 1.0
45 77 1.0
89 15 1.0
12 81 1.0
27 23 1.0
37 77 1.0
82 24 1.0
0 22 1.0
45 24 1.0
52 71 1.0
43 3 1.0
4 71 1.0
71 73 1.0
4 21 1.0
26 86 1.0
97 17 1.0
31 63 1.0
35 17 1.0
22 91 1.0
42 6 1.0
77 63 1.0
87 94 1.0
67 83 1.0
72 37 1.0
99 93 1.0
52 30 1.0
65 99 1.0
7 8 1.0
44 99 1.0
20 63 1.0
45 4 1.0
25 59 1.0
2 55 1.0
39 44 1.0
37 50 1.0
0 36 1.0
4 59 1.0
16 86 1.0
43 37 1.0
67 30 1.0
53 14 1.0
34 39 1.0
0 24 1.0
15 35 1.0
77 21 1.0
5 98 1.0
75 87 1.0
37 46 1.0
34 77 1.0
52 28 1.0
33 5 1.0
62 38 1.0
68 40 1.0
50 13 1.0
71 48 1.0
2 92 1.0
62 41 1.0
43 17 1.0
79 6 1.0
73 75 1.0
39 23 1.0
39 33 1.0
51 86 1.0
92 7 1.0
40 32 1.0
13 81 1.0
13 79 1.0
66 72 1.0
10 72 1.0
14 48 1.0
85 30 1.0
31 48 1.0
44 79 1.0
62 13 1.0
28 94 1.0
85 1 1.0
