1000
8231
106 837 1.0
833 563 1.0
321 48 1.0
728 319 1.0
591 689 1.0
148 441 1.0
335 60 1.0
246 495 1.0
180 764 1.0
956 706 1.0
955 807 1.0
443 245 1.0
140 23 1.0
22 855 1.0
561 541 1.0
557 981 1.0
565 686 1.0
870 595 1.0
190 944 1.0
408 954 1.0
972 578 1.0
938 456 1.0
79 553 1.0
488 789 1.0
747 471 1.0
222 418 1.0
767 196 1.0
298 497 1.0
641 855 1.0
613 946 1.0
283 587 1.0
34 345 1.0
577 244 1.0
838 794 1.0
504 505 1.0
838 48 1.0
280 162 1.0
131 687 1.0
683 992 1.0
344 607 1.0
395 417 1.0
498 633 1.0
895 163 1.0
647 785 1.0
198 901 1.0
471 524 1.0
41 723 1.0
694 249 1.0
973 329 1.0
143 538 1.0
382 372 1.0
282 601 1.0
805 734 1.0
94 637 1.0
195 769 1.0
807 460 1.0
995 448 1.0
937 984 1.0
227 299 1.0
866 333 1.0
107 729 1.0
163 150 1.0
67 973 1.0
975 484 1.0
249 107 1.0
291 49 1.0
945 169 1.0
44 231 1.0
162 272 1.0
363 371 1.0
991 531 1.0
339 766 1.0
355 629 1.0
449 439 1.0
91 924 1.0
283 20 1.0
240 34 1.0
945 840 1.0
818 944 1.0
39 491 1.0
21 50 1.0
456 600 1.0
567 864 1.0
964 951 1.0
759 440 1.0
298 121 1.0
463 119 1.0
454 442 1.0
723 231 1.0
556 598 1.0
968 135 1.0
482 686 1.0
37 40 1.0
169 769 1.0
876 804 1.0
149 590 1.0
561 151 1.0
976 438 1.0
401 40 1.0
530 876 1.0
892 86 1.0
115 326 1.0
212 652 1.0
551 187 1.0
891 823 1.0
681 324 1.0
760 356 1.0
111 869 1.0
930 813 1.0
716 778 1.0
899 186 1.0
208 124 1.0
189 402 1.0
562 292 1.0
104 841 1.0
142 172 1.0
274 777 1.0
607 475 1.0
556 179 1.0
206 727 1.0
284 140 1.0
7 570 1.0
741 859 1.0
955 334 1.0
567 239 1.0
280 195 1.0
637 282 1.0
618 462 1.0
874 482 1.0
206 529 1.0
883 365 1.0
49 936 1.0
655 362 1.0
348 799 1.0
905 292 1.0
835 678 1.0
68 0 1.0
65 775 1.0
293 491 1.0
732 644 1.0
597 406 1.0
279 331 1.0
60 684 1.0
746 723 1.0
502 120 1.0
276 246 1.0
753 722 1.0
137 327 1.0
533 736 1.0
596 107 1.0
850 358 1.0
622 386 1.0
237 640 1.0
52 220 1.0
682 373 1.0
940 101 1.0
475 763 1.0
608 315 1.0
847 543 1.0
497 957 1.0
715 900 1.0
596 787 1.0
60 16 1.0
696 210 1.0
298 876 1.0
374 895 1.0
599 906 1.0
543 784 1.0
133 167 1.0
897 8 1.0
619 152 1.0
474 898 1.0
424 78 1.0
778 466 1.0
742 940 1.0
661 281 1.0
240 445 1.0
310 416 1.0
795 528 1.0
29 873 1.0
768 782 1.0
490 2 1.0
896 680 1.0
231 179 1.0
6 307 1.0
112 429 1.0
912 765 1.0
294 946 1.0
14 663 1.0
151 658 1.0
465 570 1.0
16 946 1.0
845 164 1.0
195 12 1.0
463 162 1.0
336 435 1.0
750 741 1.0
392 365 1.0
685 551 1.0
412 929 1.0
119 845 1.0
674 520 1.0
154 276 1.0
520 326 1.0
404 861 1.0
894 160 1.0
0 642 1.0
792 942 1.0
370 496 1.0
346 863 1.0
462 214 1.0
321 449 1.0
860 282 1.0
880 624 1.0
855 400 1.0
952 347 1.0
776 444 1.0
54 316 1.0
191 812 1.0
328 166 1.0
634 857 1.0
336 887 1.0
220 276 1.0
7 645 1.0
391 131 1.0
610 243 1.0
129 235 1.0
81 130 1.0
562 76 1.0
618 514 1.0
372 850 1.0
578 264 1.0
202 201 1.0
571 175 1.0
697 878 1.0
222 801 1.0
49 874 1.0
507 301 1.0
107 39 1.0
996 200 1.0
20 186 1.0
157 613 1.0
1 329 1.0
534 727 1.0
697 717 1.0
318 300 1.0
558 975 1.0
577 753 1.0
147 107 1.0
603 202 1.0
758 113 1.0
51 536 1.0
519 217 1.0
24 298 1.0
207 468 1.0
327 927 1.0
210 904 1.0
434 496 1.0
917 546 1.0
657 392 1.0
511 34 1.0
597 285 1.0
43 908 1.0
463 166 1.0
892 315 1.0
165 108 1.0
384 430 1.0
45 627 1.0
934 293 1.0
936 480 1.0
911 315 1.0
512 698 1.0
967 595 1.0
449 442 1.0
572 996 1.0
571 260 1.0
958 758 1.0
926 478 1.0
461 380 1.0
492 382 1.0
30 777 1.0
186 398 1.0
750 301 1.0
182 161 1.0
596 832 1.0
650 964 1.0
843 411 1.0
687 56 1.0
837 915 1.0
370 668 1.0
392 367 1.0
3 148 1.0
253 7 1.0
848 815 1.0
395 445 1.0
798 674 1.0
344 445 1.0
616 464 1.0
344 70 1.0
933 627 1.0
947 727 1.0
254 489 1.0
323 741 1.0
500 417 1.0
643 290 1.0
870 373 1.0
552 572 1.0
201 216 1.0
939 829 1.0
277 463 1.0
485 839 1.0
798 482 1.0
10 622 1.0
288 297 1.0
38 416 1.0
394 560 1.0
82 29 1.0
100 933 1.0
167 664 1.0
24 479 1.0
441 301 1.0
659 326 1.0
437 491 1.0
573 839 1.0
626 762 1.0
828 519 1.0
851 299 1.0
445 45 1.0
4 100 1.0
91 298 1.0
296 83 1.0
29 345 1.0
297 776 1.0
820 761 1.0
31 221 1.0
761 128 1.0
735 647 1.0
547 175 1.0
133 684 1.0
127 986 1.0
633 892 1.0
181 23 1.0
726 33 1.0
154 59 1.0
182 577 1.0
0 922 1.0
239 576 1.0
270 278 1.0
136 345 1.0
678 964 1.0
92 236 1.0
33 84 1.0
13 406 1.0
557 503 1.0
305 310 1.0
527 673 1.0
497 651 1.0
409 942 1.0
108 865 1.0
884 838 1.0
160 667 1.0
486 666 1.0
505 415 1.0
621 542 1.0
111 815 1.0
706 623 1.0
748 740 1.0
863 284 1.0
435 467 1.0
161 559 1.0
274 425 1.0
469 219 1.0
144 648 1.0
750 717 1.0
759 530 1.0
189 732 1.0
218 906 1.0
375 778 1.0
608 600 1.0
899 210 1.0
871 843 1.0
641 82 1.0
1 310 1.0
539 640 1.0
785 917 1.0
463 895 1.0
415 727 1.0
506 768 1.0
167 987 1.0
62 955 1.0
438 700 1.0
228 821 1.0
653 71 1.0
18 825 1.0
322 746 1.0
102 634 1.0
742 853 1.0
825 684 1.0
513 201 1.0
269 712 1.0
448 349 1.0
71 918 1.0
7 206 1.0
245 426 1.0
583 275 1.0
527 857 1.0
128 49 1.0
585 867 1.0
559 226 1.0
976 232 1.0
753 22 1.0
536 917 1.0
486 788 1.0
324 422 1.0
462 919 1.0
973 883 1.0
423 779 1.0
993 653 1.0
108 182 1.0
53 951 1.0
575 713 1.0
875 847 1.0
639 503 1.0
109 412 1.0
714 755 1.0
479 23 1.0
956 107 1.0
504 892 1.0
958 665 1.0
353 439 1.0
591 581 1.0
764 561 1.0
886 14 1.0
741 523 1.0
981 192 1.0
380 719 1.0
726 685 1.0
617 300 1.0
762 782 1.0
254 24 1.0
773 881 1.0
880 477 1.0
475 714 1.0
846 358 1.0
685 611 1.0
864 969 1.0
69 910 1.0
504 828 1.0
676 863 1.0
404 585 1.0
147 676 1.0
393 244 1.0
942 670 1.0
737 169 1.0
290 128 1.0
398 816 1.0
328 988 1.0
884 51 1.0
551 907 1.0
570 236 1.0
5 947 1.0
505 305 1.0
774 416 1.0
579 458 1.0
923 917 1.0
220 727 1.0
876 450 1.0
308 659 1.0
854 253 1.0
459 886 1.0
813 66 1.0
59 860 1.0
43 206 1.0
225 560 1.0
422 909 1.0
860 38 1.0
870 289 1.0
380 810 1.0
387 916 1.0
163 99 1.0
931 289 1.0
479 244 1.0
417 329 1.0
262 719 1.0
327 618 1.0
111 290 1.0
749 911 1.0
335 235 1.0
126 901 1.0
729 629 1.0
10 545 1.0
884 435 1.0
806 804 1.0
721 170 1.0
389 305 1.0
226 176 1.0
402 275 1.0
268 49 1.0
835 257 1.0
573 454 1.0
871 84 1.0
310 285 1.0
368 53 1.0
649 566 1.0
938 497 1.0
219 290 1.0
393 518 1.0
923 908 1.0
846 901 1.0
345 873 1.0
26 80 1.0
919 185 1.0
265 450 1.0
195 477 1.0
184 164 1.0
978 641 1.0
31 612 1.0
110 777 1.0
704 285 1.0
305 949 1.0
397 91 1.0
287 310 1.0
429 437 1.0
352 545 1.0
311 956 1.0
682 241 1.0
492 344 1.0
810 366 1.0
73 679 1.0
724 674 1.0
234 320 1.0
774 343 1.0
384 329 1.0
609 500 1.0
644 326 1.0
175 15 1.0
953 91 1.0
733 674 1.0
941 806 1.0
650 457 1.0
967 416 1.0
766 127 1.0
418 266 1.0
452 230 1.0
297 274 1.0
255 221 1.0
632 317 1.0
576 905 1.0
745 508 1.0
622 599 1.0
476 857 1.0
963 925 1.0
276 656 1.0
566 326 1.0
513 633 1.0
211 108 1.0
344 114 1.0
140 134 1.0
524 742 1.0
323 465 1.0
608 178 1.0
45 1 1.0
930 548 1.0
584 559 1.0
530 565 1.0
165 57 1.0
696 278 1.0
126 959 1.0
56 572 1.0
264 825 1.0
617 949 1.0
818 204 1.0
249 193 1.0
260 76 1.0
586 492 1.0
336 529 1.0
888 600 1.0
812 996 1.0
632 413 1.0
222 296 1.0
251 155 1.0
494 971 1.0
376 620 1.0
14 148 1.0
812 156 1.0
197 620 1.0
117 186 1.0
631 599 1.0
666 950 1.0
694 74 1.0
261 139 1.0
604 372 1.0
144 132 1.0
78 382 1.0
803 976 1.0
874 709 1.0
404 759 1.0
225 100 1.0
260 724 1.0
805 173 1.0
808 906 1.0
819 287 1.0
629 169 1.0
138 902 1.0
155 473 1.0
234 551 1.0
635 187 1.0
414 322 1.0
640 797 1.0
298 401 1.0
529 588 1.0
700 573 1.0
677 896 1.0
198 854 1.0
197 677 1.0
986 929 1.0
453 286 1.0
508 161 1.0
202 778 1.0
372 616 1.0
516 769 1.0
272 92 1.0
766 278 1.0
174 525 1.0
289 995 1.0
727 675 1.0
764 425 1.0
548 625 1.0
126 536 1.0
13 534 1.0
761 872 1.0
349 601 1.0
441 248 1.0
287 402 1.0
795 301 1.0
331 270 1.0
366 231 1.0
201 913 1.0
108 225 1.0
268 346 1.0
305 784 1.0
791 260 1.0
202 697 1.0
891 969 1.0
448 244 1.0
719 39 1.0
570 213 1.0
6 645 1.0
109 495 1.0
596 620 1.0
135 33 1.0
969 31 1.0
271 827 1.0
852 709 1.0
639 623 1.0
416 52 1.0
74 234 1.0
601 733 1.0
357 890 1.0
264 916 1.0
385 607 1.0
339 927 1.0
615 51 1.0
557 148 1.0
626 772 1.0
675 293 1.0
432 455 1.0
548 957 1.0
561 204 1.0
368 841 1.0
942 534 1.0
58 273 1.0
330 297 1.0
910 766 1.0
964 804 1.0
82 683 1.0
531 959 1.0
920 351 1.0
216 515 1.0
930 231 1.0
55 710 1.0
565 277 1.0
645 894 1.0
102 133 1.0
987 651 1.0
935 948 1.0
321 383 1.0
242 266 1.0
499 991 1.0
564 502 1.0
415 736 1.0
555 350 1.0
797 332 1.0
240 598 1.0
125 973 1.0
374 229 1.0
20 238 1.0
720 109 1.0
374 343 1.0
910 514 1.0
541 967 1.0
360 127 1.0
8 473 1.0
185 206 1.0
108 674 1.0
525 382 1.0
158 334 1.0
914 380 1.0
799 312 1.0
378 845 1.0
598 240 1.0
471 327 1.0
465 604 1.0
486 221 1.0
716 538 1.0
484 122 1.0
759 9 1.0
683 314 1.0
43 885 1.0
629 862 1.0
893 762 1.0
87 566 1.0
250 846 1.0
319 758 1.0
449 97 1.0
950 819 1.0
787 757 1.0
959 565 1.0
918 959 1.0
477 829 1.0
565 302 1.0
872 413 1.0
361 441 1.0
288 581 1.0
771 395 1.0
528 177 1.0
686 648 1.0
188 877 1.0
521 207 1.0
99 332 1.0
867 351 1.0
157 194 1.0
173 435 1.0
269 535 1.0
187 912 1.0
287 676 1.0
946 100 1.0
875 309 1.0
323 286 1.0
984 399 1.0
134 434 1.0
337 361 1.0
456 68 1.0
803 292 1.0
13 465 1.0
884 477 1.0
853 275 1.0
429 959 1.0
891 900 1.0
817 676 1.0
152 879 1.0
691 395 1.0
604 907 1.0
411 728 1.0
45 321 1.0
937 112 1.0
646 779 1.0
816 643 1.0
961 197 1.0
316 875 1.0
668 694 1.0
788 265 1.0
512 333 1.0
528 293 1.0
988 861 1.0
371 92 1.0
230 811 1.0
177 17 1.0
98 588 1.0
618 502 1.0
952 746 1.0
285 321 1.0
562 742 1.0
93 602 1.0
619 12 1.0
151 977 1.0
592 940 1.0
193 898 1.0
602 556 1.0
788 922 1.0
170 241 1.0
219 24 1.0
395 133 1.0
625 567 1.0
516 647 1.0
742 680 1.0
131 48 1.0
538 586 1.0
434 738 1.0
400 332 1.0
684 745 1.0
260 55 1.0
864 555 1.0
517 806 1.0
453 337 1.0
859 999 1.0
988 310 1.0
9 136 1.0
769 532 1.0
68 452 1.0
98 668 1.0
9 262 1.0
461 908 1.0
18 931 1.0
294 896 1.0
313 594 1.0
942 419 1.0
987 340 1.0
972 380 1.0
823 205 1.0
320 964 1.0
68 699 1.0
58 692 1.0
37 516 1.0
463 777 1.0
136 770 1.0
180 594 1.0
98 88 1.0
24 773 1.0
140 667 1.0
438 447 1.0
145 627 1.0
712 539 1.0
733 889 1.0
156 895 1.0
463 25 1.0
475 532 1.0
983 623 1.0
668 628 1.0
24 139 1.0
45 684 1.0
703 926 1.0
586 457 1.0
129 693 1.0
107 461 1.0
24 187 1.0
842 976 1.0
231 656 1.0
714 40 1.0
529 22 1.0
721 580 1.0
165 279 1.0
854 770 1.0
660 866 1.0
931 502 1.0
169 990 1.0
211 404 1.0
151 475 1.0
748 371 1.0
262 613 1.0
846 385 1.0
198 554 1.0
10 115 1.0
386 529 1.0
252 916 1.0
638 194 1.0
89 538 1.0
737 882 1.0
561 606 1.0
323 190 1.0
917 282 1.0
399 756 1.0
73 922 1.0
138 207 1.0
275 725 1.0
266 234 1.0
946 340 1.0
383 121 1.0
271 79 1.0
20 213 1.0
606 932 1.0
310 374 1.0
54 737 1.0
500 136 1.0
340 927 1.0
141 672 1.0
172 575 1.0
956 718 1.0
248 814 1.0
95 811 1.0
542 474 1.0
587 505 1.0
845 420 1.0
185 944 1.0
152 245 1.0
172 741 1.0
929 731 1.0
496 273 1.0
950 403 1.0
404 74 1.0
608 326 1.0
24 411 1.0
78 134 1.0
871 324 1.0
134 271 1.0
462 790 1.0
492 392 1.0
395 213 1.0
673 697 1.0
838 574 1.0
796 341 1.0
282 992 1.0
275 423 1.0
428 661 1.0
731 430 1.0
531 775 1.0
747 978 1.0
342 589 1.0
957 494 1.0
673 197 1.0
421 334 1.0
15 1 1.0
999 592 1.0
824 388 1.0
884 492 1.0
181 708 1.0
813 14 1.0
278 815 1.0
270 216 1.0
219 711 1.0
20 714 1.0
551 528 1.0
671 916 1.0
78 703 1.0
496 656 1.0
928 946 1.0
483 442 1.0
274 340 1.0
190 609 1.0
548 935 1.0
336 517 1.0
221 41 1.0
330 144 1.0
409 522 1.0
313 783 1.0
259 850 1.0
657 928 1.0
698 325 1.0
531 380 1.0
832 456 1.0
671 491 1.0
941 994 1.0
178 140 1.0
360 158 1.0
633 980 1.0
550 221 1.0
804 212 1.0
240 150 1.0
203 589 1.0
97 0 1.0
68 412 1.0
589 572 1.0
930 80 1.0
235 845 1.0
863 673 1.0
748 513 1.0
115 657 1.0
65 455 1.0
953 156 1.0
167 480 1.0
841 673 1.0
54 231 1.0
880 584 1.0
581 171 1.0
249 259 1.0
64 922 1.0
495 199 1.0
234 461 1.0
888 522 1.0
66 185 1.0
179 876 1.0
338 273 1.0
802 120 1.0
866 246 1.0
520 929 1.0
753 185 1.0
628 375 1.0
292 981 1.0
668 553 1.0
877 799 1.0
682 451 1.0
653 384 1.0
922 79 1.0
337 191 1.0
857 165 1.0
736 200 1.0
415 988 1.0
346 634 1.0
541 248 1.0
674 90 1.0
496 812 1.0
93 50 1.0
739 103 1.0
553 550 1.0
152 265 1.0
662 203 1.0
824 396 1.0
367 697 1.0
322 360 1.0
527 481 1.0
395 875 1.0
571 466 1.0
228 49 1.0
541 218 1.0
160 449 1.0
895 181 1.0
827 515 1.0
791 368 1.0
11 915 1.0
69 774 1.0
833 199 1.0
713 359 1.0
432 742 1.0
953 424 1.0
909 672 1.0
232 896 1.0
797 434 1.0
872 374 1.0
9 177 1.0
481 518 1.0
468 403 1.0
894 107 1.0
547 491 1.0
663 908 1.0
124 508 1.0
801 368 1.0
679 226 1.0
639 531 1.0
559 638 1.0
252 577 1.0
98 248 1.0
326 792 1.0
620 532 1.0
228 672 1.0
232 648 1.0
793 235 1.0
566 658 1.0
854 591 1.0
533 307 1.0
563 376 1.0
818 632 1.0
374 136 1.0
511 461 1.0
225 729 1.0
517 978 1.0
992 16 1.0
657 384 1.0
936 897 1.0
698 250 1.0
689 23 1.0
880 590 1.0
205 794 1.0
903 52 1.0
310 112 1.0
697 43 1.0
59 903 1.0
415 32 1.0
227 166 1.0
337 912 1.0
487 929 1.0
536 266 1.0
332 108 1.0
930 576 1.0
46 412 1.0
222 700 1.0
910 611 1.0
619 877 1.0
13 603 1.0
989 281 1.0
358 983 1.0
144 946 1.0
855 959 1.0
106 947 1.0
383 882 1.0
148 354 1.0
449 195 1.0
650 325 1.0
240 510 1.0
558 807 1.0
248 457 1.0
384 953 1.0
595 534 1.0
480 283 1.0
689 373 1.0
362 290 1.0
934 780 1.0
400 593 1.0
55 736 1.0
827 154 1.0
940 123 1.0
123 12 1.0
671 518 1.0
921 972 1.0
468 525 1.0
347 509 1.0
295 896 1.0
464 474 1.0
976 621 1.0
927 392 1.0
273 649 1.0
564 223 1.0
318 574 1.0
451 183 1.0
763 492 1.0
26 85 1.0
226 898 1.0
843 205 1.0
634 34 1.0
367 839 1.0
568 266 1.0
635 267 1.0
913 144 1.0
238 111 1.0
485 531 1.0
481 637 1.0
622 838 1.0
173 175 1.0
238 430 1.0
736 469 1.0
412 504 1.0
472 859 1.0
55 102 1.0
917 910 1.0
552 745 1.0
547 573 1.0
748 837 1.0
869 953 1.0
592 169 1.0
707 407 1.0
171 574 1.0
788 786 1.0
158 973 1.0
548 731 1.0
254 812 1.0
63 283 1.0
409 839 1.0
619 765 1.0
364 336 1.0
378 287 1.0
235 89 1.0
125 191 1.0
417 669 1.0
145 903 1.0
274 829 1.0
861 178 1.0
376 687 1.0
890 47 1.0
355 974 1.0
793 947 1.0
279 311 1.0
784 937 1.0
121 127 1.0
413 875 1.0
346 447 1.0
528 359 1.0
962 658 1.0
877 44 1.0
453 235 1.0
431 580 1.0
561 394 1.0
942 242 1.0
742 845 1.0
705 435 1.0
12 120 1.0
980 894 1.0
247 528 1.0
827 869 1.0
702 265 1.0
828 700 1.0
847 285 1.0
705 71 1.0
925 133 1.0
75 461 1.0
746 151 1.0
703 985 1.0
284 8 1.0
493 813 1.0
707 393 1.0
475 406 1.0
857 844 1.0
581 285 1.0
0 918 1.0
48 986 1.0
7 612 1.0
90 225 1.0
93 951 1.0
116 734 1.0
988 226 1.0
431 426 1.0
415 416 1.0
514 29 1.0
883 688 1.0
921 763 1.0
985 691 1.0
127 994 1.0
298 138 1.0
517 784 1.0
537 962 1.0
496 718 1.0
836 865 1.0
742 145 1.0
907 440 1.0
17 669 1.0
191 496 1.0
194 394 1.0
340 455 1.0
598 881 1.0
806 418 1.0
844 902 1.0
591 674 1.0
485 669 1.0
607 57 1.0
522 454 1.0
426 724 1.0
529 242 1.0
29 80 1.0
744 21 1.0
145 118 1.0
24 772 1.0
390 656 1.0
970 910 1.0
561 308 1.0
917 109 1.0
654 158 1.0
526 643 1.0
493 215 1.0
925 247 1.0
144 10 1.0
558 600 1.0
827 843 1.0
965 310 1.0
587 128 1.0
312 341 1.0
263 778 1.0
521 978 1.0
290 378 1.0
705 486 1.0
814 366 1.0
86 496 1.0
865 467 1.0
229 173 1.0
115 914 1.0
535 281 1.0
958 789 1.0
760 389 1.0
724 384 1.0
963 697 1.0
884 434 1.0
191 552 1.0
461 595 1.0
796 416 1.0
497 365 1.0
566 393 1.0
923 629 1.0
240 827 1.0
281 745 1.0
594 586 1.0
810 986 1.0
820 843 1.0
647 273 1.0
24 518 1.0
534 594 1.0
347 211 1.0
618 309 1.0
427 303 1.0
76 466 1.0
922 230 1.0
493 578 1.0
505 776 1.0
752 619 1.0
349 62 1.0
948 386 1.0
222 579 1.0
944 824 1.0
626 685 1.0
29 398 1.0
670 603 1.0
751 523 1.0
429 910 1.0
604 275 1.0
654 890 1.0
362 735 1.0
713 667 1.0
453 593 1.0
322 562 1.0
182 566 1.0
901 352 1.0
28 724 1.0
407 119 1.0
87 411 1.0
915 902 1.0
175 982 1.0
74 131 1.0
89 64 1.0
745 336 1.0
786 105 1.0
94 728 1.0
545 297 1.0
843 728 1.0
744 353 1.0
345 752 1.0
124 334 1.0
38 338 1.0
608 71 1.0
255 199 1.0
621 412 1.0
974 510 1.0
309 159 1.0
636 623 1.0
651 644 1.0
999 857 1.0
916 330 1.0
781 977 1.0
888 265 1.0
863 373 1.0
576 539 1.0
319 802 1.0
25 845 1.0
721 395 1.0
784 548 1.0
701 443 1.0
220 59 1.0
659 399 1.0
615 89 1.0
997 702 1.0
892 493 1.0
384 730 1.0
386 564 1.0
570 783 1.0
215 246 1.0
253 401 1.0
613 902 1.0
258 791 1.0
119 873 1.0
391 756 1.0
60 587 1.0
985 330 1.0
171 359 1.0
434 671 1.0
661 166 1.0
179 489 1.0
566 804 1.0
994 667 1.0
732 719 1.0
237 128 1.0
398 369 1.0
917 428 1.0
557 515 1.0
220 280 1.0
45 594 1.0
598 469 1.0
197 588 1.0
555 629 1.0
674 921 1.0
435 70 1.0
680 651 1.0
576 200 1.0
560 480 1.0
327 372 1.0
50 165 1.0
726 549 1.0
869 850 1.0
999 296 1.0
185 226 1.0
275 653 1.0
572 913 1.0
904 213 1.0
489 598 1.0
67 739 1.0
697 928 1.0
334 205 1.0
870 363 1.0
27 602 1.0
427 578 1.0
222 876 1.0
213 571 1.0
366 165 1.0
820 192 1.0
963 219 1.0
458 378 1.0
809 149 1.0
394 126 1.0
628 621 1.0
90 442 1.0
762 357 1.0
209 141 1.0
579 148 1.0
505 668 1.0
219 552 1.0
933 65 1.0
71 660 1.0
163 84 1.0
235 217 1.0
539 524 1.0
178 669 1.0
78 148 1.0
965 977 1.0
88 424 1.0
922 268 1.0
702 279 1.0
638 347 1.0
40 696 1.0
843 131 1.0
351 863 1.0
651 866 1.0
416 791 1.0
50 515 1.0
662 102 1.0
967 272 1.0
899 974 1.0
874 760 1.0
671 440 1.0
767 632 1.0
327 144 1.0
994 931 1.0
247 558 1.0
9 468 1.0
0 985 1.0
917 617 1.0
954 235 1.0
440 735 1.0
266 881 1.0
799 674 1.0
349 218 1.0
936 940 1.0
755 533 1.0
909 890 1.0
332 693 1.0
152 427 1.0
413 982 1.0
356 642 1.0
620 694 1.0
442 481 1.0
671 871 1.0
800 582 1.0
641 617 1.0
283 480 1.0
109 74 1.0
830 960 1.0
776 527 1.0
184 194 1.0
490 955 1.0
165 252 1.0
798 282 1.0
564 825 1.0
929 417 1.0
181 257 1.0
248 754 1.0
183 450 1.0
774 652 1.0
868 625 1.0
276 325 1.0
648 640 1.0
680 799 1.0
831 798 1.0
430 269 1.0
842 660 1.0
169 876 1.0
66 700 1.0
394 188 1.0
27 442 1.0
759 303 1.0
42 764 1.0
901 726 1.0
999 852 1.0
198 609 1.0
755 34 1.0
100 789 1.0
131 595 1.0
435 781 1.0
650 143 1.0
522 915 1.0
946 324 1.0
42 629 1.0
436 758 1.0
349 418 1.0
538 432 1.0
952 116 1.0
676 50 1.0
585 454 1.0
455 2 1.0
168 61 1.0
15 901 1.0
74 937 1.0
430 397 1.0
177 442 1.0
626 417 1.0
684 4 1.0
565 597 1.0
81 442 1.0
766 164 1.0
801 205 1.0
858 370 1.0
137 585 1.0
898 306 1.0
671 15 1.0
197 721 1.0
846 705 1.0
349 480 1.0
161 28 1.0
273 471 1.0
733 829 1.0
677 970 1.0
627 45 1.0
283 429 1.0
811 431 1.0
445 921 1.0
289 638 1.0
887 886 1.0
739 962 1.0
233 809 1.0
24 481 1.0
931 893 1.0
98 295 1.0
255 371 1.0
348 168 1.0
586 308 1.0
309 346 1.0
275 339 1.0
139 574 1.0
410 565 1.0
456 702 1.0
626 362 1.0
840 942 1.0
574 203 1.0
800 748 1.0
951 987 1.0
824 977 1.0
12 985 1.0
690 615 1.0
15 674 1.0
776 514 1.0
17 538 1.0
608 535 1.0
404 21 1.0
852 268 1.0
698 478 1.0
813 782 1.0
880 843 1.0
751 655 1.0
202 496 1.0
170 738 1.0
969 182 1.0
726 468 1.0
597 120 1.0
805 868 1.0
715 10 1.0
757 412 1.0
449 858 1.0
106 999 1.0
108 409 1.0
199 331 1.0
856 337 1.0
46 150 1.0
895 565 1.0
555 955 1.0
904 13 1.0
236 228 1.0
738 561 1.0
283 862 1.0
749 923 1.0
58 66 1.0
159 696 1.0
429 568 1.0
453 205 1.0
371 219 1.0
901 435 1.0
869 226 1.0
242 276 1.0
253 194 1.0
535 549 1.0
768 158 1.0
378 309 1.0
36 153 1.0
378 714 1.0
642 929 1.0
833 496 1.0
44 435 1.0
371 875 1.0
567 763 1.0
21 841 1.0
242 155 1.0
670 450 1.0
37 984 1.0
776 706 1.0
643 401 1.0
855 195 1.0
247 361 1.0
600 981 1.0
826 963 1.0
379 824 1.0
907 419 1.0
722 878 1.0
189 184 1.0
647 27 1.0
156 54 1.0
441 718 1.0
191 614 1.0
327 839 1.0
247 581 1.0
570 281 1.0
878 100 1.0
647 575 1.0
849 492 1.0
659 584 1.0
430 991 1.0
116 484 1.0
798 444 1.0
806 614 1.0
995 513 1.0
987 98 1.0
411 560 1.0
305 878 1.0
274 796 1.0
616 882 1.0
467 587 1.0
905 529 1.0
0 579 1.0
807 184 1.0
325 534 1.0
921 4 1.0
648 456 1.0
766 22 1.0
459 405 1.0
543 487 1.0
184 126 1.0
735 398 1.0
427 562 1.0
190 294 1.0
940 87 1.0
73 10 1.0
226 72 1.0
747 52 1.0
424 989 1.0
432 183 1.0
427 848 1.0
116 242 1.0
225 468 1.0
663 205 1.0
995 238 1.0
259 466 1.0
331 654 1.0
20 255 1.0
854 100 1.0
838 809 1.0
859 236 1.0
251 384 1.0
546 84 1.0
610 320 1.0
742 643 1.0
528 731 1.0
219 162 1.0
26 913 1.0
79 148 1.0
152 985 1.0
620 463 1.0
932 487 1.0
532 49 1.0
976 798 1.0
603 597 1.0
963 93 1.0
561 926 1.0
260 732 1.0
797 385 1.0
429 517 1.0
138 388 1.0
473 293 1.0
821 123 1.0
749 666 1.0
100 167 1.0
770 28 1.0
968 551 1.0
169 758 1.0
627 777 1.0
957 187 1.0
939 102 1.0
660 107 1.0
437 67 1.0
878 45 1.0
913 388 1.0
4 348 1.0
68 786 1.0
897 557 1.0
137 356 1.0
212 44 1.0
607 742 1.0
452 684 1.0
710 262 1.0
402 718 1.0
689 379 1.0
282 54 1.0
236 567 1.0
33 890 1.0
198 540 1.0
448 4 1.0
424 192 1.0
55 757 1.0
852 658 1.0
378 506 1.0
423 300 1.0
199 81 1.0
616 241 1.0
61 698 1.0
334 374 1.0
455 279 1.0
660 906 1.0
974 374 1.0
783 671 1.0
26 843 1.0
710 784 1.0
569 88 1.0
385 579 1.0
486 264 1.0
475 39 1.0
91 573 1.0
544 388 1.0
158 446 1.0
71 407 1.0
15 301 1.0
352 301 1.0
856 442 1.0
21 596 1.0
579 379 1.0
661 631 1.0
631 750 1.0
972 896 1.0
531 123 1.0
284 814 1.0
913 508 1.0
56 247 1.0
380 477 1.0
66 4 1.0
290 758 1.0
692 497 1.0
337 38 1.0
548 299 1.0
877 527 1.0
365 426 1.0
477 86 1.0
249 66 1.0
425 100 1.0
710 434 1.0
562 640 1.0
752 761 1.0
178 658 1.0
885 555 1.0
639 243 1.0
881 607 1.0
327 270 1.0
404 148 1.0
658 801 1.0
487 910 1.0
123 379 1.0
654 55 1.0
662 845 1.0
254 640 1.0
755 19 1.0
992 648 1.0
929 546 1.0
980 944 1.0
779 17 1.0
286 479 1.0
910 642 1.0
629 394 1.0
976 655 1.0
174 512 1.0
498 311 1.0
44 726 1.0
375 816 1.0
883 622 1.0
442 892 1.0
352 360 1.0
435 678 1.0
594 131 1.0
714 124 1.0
692 961 1.0
2 972 1.0
608 56 1.0
783 112 1.0
684 126 1.0
728 916 1.0
872 98 1.0
709 452 1.0
486 135 1.0
697 161 1.0
857 802 1.0
952 11 1.0
910 457 1.0
298 541 1.0
605 667 1.0
766 269 1.0
279 596 1.0
263 563 1.0
433 127 1.0
458 199 1.0
264 780 1.0
437 436 1.0
227 898 1.0
522 690 1.0
252 147 1.0
145 853 1.0
966 852 1.0
329 505 1.0
727 923 1.0
895 687 1.0
735 617 1.0
564 774 1.0
983 968 1.0
338 933 1.0
739 132 1.0
567 188 1.0
464 979 1.0
953 472 1.0
734 791 1.0
920 606 1.0
886 816 1.0
279 861 1.0
708 395 1.0
3 462 1.0
717 992 1.0
9 437 1.0
634 525 1.0
243 534 1.0
779 662 1.0
844 938 1.0
285 998 1.0
39 434 1.0
988 125 1.0
323 56 1.0
777 953 1.0
233 747 1.0
196 430 1.0
324 753 1.0
66 312 1.0
23 243 1.0
32 838 1.0
674 238 1.0
461 47 1.0
997 135 1.0
108 949 1.0
91 500 1.0
567 14 1.0
704 807 1.0
900 247 1.0
731 867 1.0
955 657 1.0
172 422 1.0
622 647 1.0
14 736 1.0
792 987 1.0
766 920 1.0
918 661 1.0
377 227 1.0
136 790 1.0
866 118 1.0
696 742 1.0
265 513 1.0
737 652 1.0
988 27 1.0
177 20 1.0
697 722 1.0
87 743 1.0
601 378 1.0
572 200 1.0
935 314 1.0
910 315 1.0
134 589 1.0
432 735 1.0
791 884 1.0
923 306 1.0
256 398 1.0
296 49 1.0
341 545 1.0
731 671 1.0
42 0 1.0
873 378 1.0
21 917 1.0
58 299 1.0
993 717 1.0
375 404 1.0
838 633 1.0
764 777 1.0
801 281 1.0
767 658 1.0
802 472 1.0
262 869 1.0
24 757 1.0
93 397 1.0
974 461 1.0
365 951 1.0
961 372 1.0
206 762 1.0
216 483 1.0
653 956 1.0
778 152 1.0
326 793 1.0
803 771 1.0
866 29 1.0
822 916 1.0
25 822 1.0
179 816 1.0
938 637 1.0
355 435 1.0
373 115 1.0
822 997 1.0
584 886 1.0
43 583 1.0
950 211 1.0
32 820 1.0
177 747 1.0
278 402 1.0
224 448 1.0
494 320 1.0
953 686 1.0
757 168 1.0
488 492 1.0
667 916 1.0
213 442 1.0
775 50 1.0
890 579 1.0
84 561 1.0
82 682 1.0
824 418 1.0
643 374 1.0
903 18 1.0
508 871 1.0
171 565 1.0
599 168 1.0
327 634 1.0
8 501 1.0
462 403 1.0
267 500 1.0
529 603 1.0
345 949 1.0
510 703 1.0
171 668 1.0
57 632 1.0
85 227 1.0
566 709 1.0
100 242 1.0
404 11 1.0
552 785 1.0
67 38 1.0
658 858 1.0
718 743 1.0
254 617 1.0
738 21 1.0
282 797 1.0
468 630 1.0
133 614 1.0
615 197 1.0
56 191 1.0
555 386 1.0
736 571 1.0
70 175 1.0
553 225 1.0
871 783 1.0
116 737 1.0
277 72 1.0
393 638 1.0
964 79 1.0
597 275 1.0
887 816 1.0
445 680 1.0
702 796 1.0
609 557 1.0
266 794 1.0
73 515 1.0
828 921 1.0
107 663 1.0
337 305 1.0
586 704 1.0
336 296 1.0
536 678 1.0
25 568 1.0
60 347 1.0
15 163 1.0
140 187 1.0
543 593 1.0
164 109 1.0
294 862 1.0
117 753 1.0
607 959 1.0
263 113 1.0
618 755 1.0
710 962 1.0
253 555 1.0
799 698 1.0
911 211 1.0
28 33 1.0
47 49 1.0
756 482 1.0
945 555 1.0
803 768 1.0
104 307 1.0
112 811 1.0
813 964 1.0
769 83 1.0
622 763 1.0
616 425 1.0
199 176 1.0
681 290 1.0
380 220 1.0
921 181 1.0
956 3 1.0
544 82 1.0
215 929 1.0
423 578 1.0
81 310 1.0
962 339 1.0
684 500 1.0
31 779 1.0
489 533 1.0
109 994 1.0
807 335 1.0
837 522 1.0
258 273 1.0
172 728 1.0
109 757 1.0
942 570 1.0
399 854 1.0
188 496 1.0
74 473 1.0
551 268 1.0
758 869 1.0
594 532 1.0
722 613 1.0
499 493 1.0
51 946 1.0
689 783 1.0
163 91 1.0
847 501 1.0
403 398 1.0
656 243 1.0
88 774 1.0
464 224 1.0
561 181 1.0
657 363 1.0
878 432 1.0
298 192 1.0
930 224 1.0
793 666 1.0
514 957 1.0
851 0 1.0
300 323 1.0
910 673 1.0
744 118 1.0
717 265 1.0
282 431 1.0
139 700 1.0
37 230 1.0
598 864 1.0
649 823 1.0
125 437 1.0
13 527 1.0
538 525 1.0
981 38 1.0
689 278 1.0
484 845 1.0
62 852 1.0
819 295 1.0
715 626 1.0
776 473 1.0
815 448 1.0
207 715 1.0
647 75 1.0
756 550 1.0
784 81 1.0
574 685 1.0
218 332 1.0
206 966 1.0
342 772 1.0
325 696 1.0
137 727 1.0
353 685 1.0
318 123 1.0
783 278 1.0
367 943 1.0
138 739 1.0
397 423 1.0
802 146 1.0
611 583 1.0
822 53 1.0
278 989 1.0
162 695 1.0
367 360 1.0
713 692 1.0
846 413 1.0
643 134 1.0
864 198 1.0
935 340 1.0
843 811 1.0
442 770 1.0
268 851 1.0
838 909 1.0
983 593 1.0
100 934 1.0
582 721 1.0
305 540 1.0
144 961 1.0
140 380 1.0
196 499 1.0
766 490 1.0
323 871 1.0
600 471 1.0
528 427 1.0
320 347 1.0
459 980 1.0
747 497 1.0
793 684 1.0
436 711 1.0
829 332 1.0
11 213 1.0
986 624 1.0
111 491 1.0
806 0 1.0
524 597 1.0
225 395 1.0
285 296 1.0
811 339 1.0
363 668 1.0
849 285 1.0
306 449 1.0
599 752 1.0
11 836 1.0
102 643 1.0
636 961 1.0
424 153 1.0
657 983 1.0
415 525 1.0
406 289 1.0
921 704 1.0
787 633 1.0
318 456 1.0
38 181 1.0
367 920 1.0
387 684 1.0
785 925 1.0
351 695 1.0
280 205 1.0
64 434 1.0
100 343 1.0
182 122 1.0
782 663 1.0
605 494 1.0
259 288 1.0
544 135 1.0
807 866 1.0
119 761 1.0
211 795 1.0
585 546 1.0
928 280 1.0
170 904 1.0
385 947 1.0
534 741 1.0
932 899 1.0
443 156 1.0
657 857 1.0
91 482 1.0
473 663 1.0
727 55 1.0
15 153 1.0
612 797 1.0
90 805 1.0
313 461 1.0
841 84 1.0
727 574 1.0
621 960 1.0
151 120 1.0
602 14 1.0
31 474 1.0
965 251 1.0
613 233 1.0
159 737 1.0
201 186 1.0
736 280 1.0
263 13 1.0
612 927 1.0
826 698 1.0
713 546 1.0
962 908 1.0
638 378 1.0
47 194 1.0
510 859 1.0
938 539 1.0
666 439 1.0
498 143 1.0
418 229 1.0
677 35 1.0
900 230 1.0
994 882 1.0
331 835 1.0
205 862 1.0
425 314 1.0
75 550 1.0
292 680 1.0
161 319 1.0
740 390 1.0
0 766 1.0
787 311 1.0
500 890 1.0
619 85 1.0
72 804 1.0
939 960 1.0
538 687 1.0
754 833 1.0
965 986 1.0
834 264 1.0
778 859 1.0
781 691 1.0
261 859 1.0
715 961 1.0
126 206 1.0
458 488 1.0
340 217 1.0
932 852 1.0
803 604 1.0
156 721 1.0
983 680 1.0
672 845 1.0
678 672 1.0
392 513 1.0
674 153 1.0
309 343 1.0
404 315 1.0
210 90 1.0
786 431 1.0
22 394 1.0
537 304 1.0
312 959 1.0
562 852 1.0
137 779 1.0
777 746 1.0
853 451 1.0
33 732 1.0
705 988 1.0
192 972 1.0
830 959 1.0
481 16 1.0
836 991 1.0
421 623 1.0
655 263 1.0
416 763 1.0
717 606 1.0
866 6 1.0
326 316 1.0
266 367 1.0
938 324 1.0
940 316 1.0
22 890 1.0
620 135 1.0
839 596 1.0
337 547 1.0
476 627 1.0
178 126 1.0
543 376 1.0
12 193 1.0
537 910 1.0
937 219 1.0
897 0 1.0
884 439 1.0
725 129 1.0
464 447 1.0
78 114 1.0
463 719 1.0
802 730 1.0
856 422 1.0
503 199 1.0
794 292 1.0
606 628 1.0
71 692 1.0
128 602 1.0
818 873 1.0
956 161 1.0
232 930 1.0
342 989 1.0
202 167 1.0
121 667 1.0
593 539 1.0
398 459 1.0
200 90 1.0
850 29 1.0
710 98 1.0
179 974 1.0
937 443 1.0
699 914 1.0
483 24 1.0
859 936 1.0
551 694 1.0
865 731 1.0
860 66 1.0
722 861 1.0
9 805 1.0
240 180 1.0
327 281 1.0
84 935 1.0
298 2 1.0
724 135 1.0
24 751 1.0
750 504 1.0
471 656 1.0
283 231 1.0
442 775 1.0
276 883 1.0
557 809 1.0
176 557 1.0
740 244 1.0
860 418 1.0
543 240 1.0
880 501 1.0
825 280 1.0
520 287 1.0
940 536 1.0
160 225 1.0
157 405 1.0
95 238 1.0
598 754 1.0
996 108 1.0
302 239 1.0
548 785 1.0
170 642 1.0
9 519 1.0
976 47 1.0
587 826 1.0
414 329 1.0
723 782 1.0
303 401 1.0
130 579 1.0
901 699 1.0
670 347 1.0
775 534 1.0
398 600 1.0
349 10 1.0
912 432 1.0
214 553 1.0
809 195 1.0
464 608 1.0
260 409 1.0
584 509 1.0
825 173 1.0
365 488 1.0
272 222 1.0
841 875 1.0
371 675 1.0
159 188 1.0
455 724 1.0
845 280 1.0
626 750 1.0
627 535 1.0
582 516 1.0
690 156 1.0
76 224 1.0
198 676 1.0
802 570 1.0
484 555 1.0
997 45 1.0
12 252 1.0
487 342 1.0
399 160 1.0
41 222 1.0
649 411 1.0
521 677 1.0
328 427 1.0
518 567 1.0
234 306 1.0
534 184 1.0
483 505 1.0
606 809 1.0
740 205 1.0
930 210 1.0
868 484 1.0
991 951 1.0
435 342 1.0
904 534 1.0
913 518 1.0
862 253 1.0
643 719 1.0
534 453 1.0
886 857 1.0
231 531 1.0
434 323 1.0
440 420 1.0
319 120 1.0
574 293 1.0
842 164 1.0
739 347 1.0
257 822 1.0
808 86 1.0
442 101 1.0
203 749 1.0
136 405 1.0
201 399 1.0
573 609 1.0
645 382 1.0
329 744 1.0
510 644 1.0
505 569 1.0
845 926 1.0
664 656 1.0
20 222 1.0
89 665 1.0
399 50 1.0
577 922 1.0
878 168 1.0
633 35 1.0
689 340 1.0
146 878 1.0
882 261 1.0
48 480 1.0
870 117 1.0
679 24 1.0
163 719 1.0
24 237 1.0
451 9 1.0
628 594 1.0
648 802 1.0
143 3 1.0
757 274 1.0
326 999 1.0
650 430 1.0
433 69 1.0
144 514 1.0
721 153 1.0
385 799 1.0
794 958 1.0
561 973 1.0
682 234 1.0
343 487 1.0
56 863 1.0
732 491 1.0
149 134 1.0
946 113 1.0
374 203 1.0
621 105 1.0
7 662 1.0
789 991 1.0
793 918 1.0
378 296 1.0
668 133 1.0
774 636 1.0
501 528 1.0
86 44 1.0
921 38 1.0
553 58 1.0
199 838 1.0
278 885 1.0
186 947 1.0
514 692 1.0
276 49 1.0
359 584 1.0
4 70 1.0
118 260 1.0
640 220 1.0
902 918 1.0
779 907 1.0
129 461 1.0
584 337 1.0
885 954 1.0
332 299 1.0
865 553 1.0
959 907 1.0
347 135 1.0
611 602 1.0
304 379 1.0
219 452 1.0
948 374 1.0
773 529 1.0
53 893 1.0
760 79 1.0
172 547 1.0
582 635 1.0
3 913 1.0
203 647 1.0
327 272 1.0
203 138 1.0
582 43 1.0
263 261 1.0
386 200 1.0
640 602 1.0
125 21 1.0
802 141 1.0
746 460 1.0
370 580 1.0
130 313 1.0
712 625 1.0
868 856 1.0
469 980 1.0
914 866 1.0
909 459 1.0
290 318 1.0
918 419 1.0
691 649 1.0
711 805 1.0
939 441 1.0
897 524 1.0
759 739 1.0
313 428 1.0
19 938 1.0
171 426 1.0
445 145 1.0
944 72 1.0
366 925 1.0
625 527 1.0
392 373 1.0
729 556 1.0
792 460 1.0
670 981 1.0
805 363 1.0
215 131 1.0
519 857 1.0
967 232 1.0
592 213 1.0
320 312 1.0
238 887 1.0
929 545 1.0
118 668 1.0
184 516 1.0
954 633 1.0
680 867 1.0
940 485 1.0
740 539 1.0
392 393 1.0
785 9 1.0
629 24 1.0
127 310 1.0
220 465 1.0
688 189 1.0
903 122 1.0
303 313 1.0
131 44 1.0
666 178 1.0
558 963 1.0
969 822 1.0
664 93 1.0
412 65 1.0
198 776 1.0
279 343 1.0
106 965 1.0
561 495 1.0
83 857 1.0
408 231 1.0
475 953 1.0
126 204 1.0
668 203 1.0
719 865 1.0
402 441 1.0
208 180 1.0
395 950 1.0
377 126 1.0
425 160 1.0
627 809 1.0
846 926 1.0
174 634 1.0
172 910 1.0
48 974 1.0
760 790 1.0
845 880 1.0
96 269 1.0
327 567 1.0
158 966 1.0
363 957 1.0
250 384 1.0
983 4 1.0
570 11 1.0
659 747 1.0
39 994 1.0
180 673 1.0
686 433 1.0
852 406 1.0
572 959 1.0
907 846 1.0
145 530 1.0
241 271 1.0
958 71 1.0
816 583 1.0
478 992 1.0
478 785 1.0
416 518 1.0
40 118 1.0
106 190 1.0
672 102 1.0
567 165 1.0
896 375 1.0
962 471 1.0
708 825 1.0
576 185 1.0
116 874 1.0
34 660 1.0
246 821 1.0
264 306 1.0
103 19 1.0
654 641 1.0
763 804 1.0
394 149 1.0
88 804 1.0
603 743 1.0
15 352 1.0
443 162 1.0
138 384 1.0
310 850 1.0
591 741 1.0
696 29 1.0
923 385 1.0
339 387 1.0
110 779 1.0
486 128 1.0
45 98 1.0
270 798 1.0
211 871 1.0
984 78 1.0
918 317 1.0
228 29 1.0
344 610 1.0
635 88 1.0
755 141 1.0
858 507 1.0
43 815 1.0
293 963 1.0
816 84 1.0
604 945 1.0
352 329 1.0
376 575 1.0
505 469 1.0
494 18 1.0
364 370 1.0
298 752 1.0
146 34 1.0
589 105 1.0
427 692 1.0
888 488 1.0
578 310 1.0
638 593 1.0
746 474 1.0
285 890 1.0
11 763 1.0
405 395 1.0
117 182 1.0
223 792 1.0
978 436 1.0
206 915 1.0
216 28 1.0
281 540 1.0
509 963 1.0
646 811 1.0
65 989 1.0
856 490 1.0
206 458 1.0
226 157 1.0
867 476 1.0
778 643 1.0
780 389 1.0
662 948 1.0
363 547 1.0
497 746 1.0
186 454 1.0
94 762 1.0
14 590 1.0
491 914 1.0
349 239 1.0
424 306 1.0
920 718 1.0
29 45 1.0
297 666 1.0
943 310 1.0
622 150 1.0
946 149 1.0
412 587 1.0
919 530 1.0
747 952 1.0
768 214 1.0
632 780 1.0
551 822 1.0
222 807 1.0
98 657 1.0
684 350 1.0
153 631 1.0
970 670 1.0
742 9 1.0
986 974 1.0
611 957 1.0
395 735 1.0
191 217 1.0
361 197 1.0
129 277 1.0
582 220 1.0
283 971 1.0
612 549 1.0
647 304 1.0
856 345 1.0
485 466 1.0
104 330 1.0
867 177 1.0
509 934 1.0
810 912 1.0
354 629 1.0
584 914 1.0
234 792 1.0
144 583 1.0
149 986 1.0
163 230 1.0
891 584 1.0
409 306 1.0
598 250 1.0
912 576 1.0
676 833 1.0
68 333 1.0
131 689 1.0
196 17 1.0
75 822 1.0
891 744 1.0
911 600 1.0
620 573 1.0
91 129 1.0
349 702 1.0
167 331 1.0
364 109 1.0
842 132 1.0
580 739 1.0
831 219 1.0
17 701 1.0
347 10 1.0
727 377 1.0
940 139 1.0
606 255 1.0
331 709 1.0
768 313 1.0
298 943 1.0
201 901 1.0
439 161 1.0
150 679 1.0
863 103 1.0
182 370 1.0
443 391 1.0
76 358 1.0
765 47 1.0
194 368 1.0
43 594 1.0
502 943 1.0
835 706 1.0
16 770 1.0
109 140 1.0
650 156 1.0
948 249 1.0
470 466 1.0
444 241 1.0
83 642 1.0
725 175 1.0
8 564 1.0
630 658 1.0
679 658 1.0
898 551 1.0
691 360 1.0
494 897 1.0
849 14 1.0
448 211 1.0
154 451 1.0
121 251 1.0
279 121 1.0
251 894 1.0
75 374 1.0
4 784 1.0
701 438 1.0
881 539 1.0
282 923 1.0
195 996 1.0
638 759 1.0
389 3 1.0
956 254 1.0
466 289 1.0
753 543 1.0
499 329 1.0
708 817 1.0
583 289 1.0
1 752 1.0
697 792 1.0
993 463 1.0
446 959 1.0
434 540 1.0
667 226 1.0
749 377 1.0
458 502 1.0
906 367 1.0
357 218 1.0
381 714 1.0
873 808 1.0
268 578 1.0
151 318 1.0
344 567 1.0
158 640 1.0
621 629 1.0
78 13 1.0
90 158 1.0
244 860 1.0
348 605 1.0
87 236 1.0
260 775 1.0
161 216 1.0
684 669 1.0
255 772 1.0
546 622 1.0
756 710 1.0
676 999 1.0
417 887 1.0
978 156 1.0
224 746 1.0
463 94 1.0
179 825 1.0
368 508 1.0
305 181 1.0
506 180 1.0
753 164 1.0
455 305 1.0
285 858 1.0
73 155 1.0
328 187 1.0
544 252 1.0
898 927 1.0
908 719 1.0
559 609 1.0
374 869 1.0
639 882 1.0
865 395 1.0
672 2 1.0
187 152 1.0
999 710 1.0
380 746 1.0
141 466 1.0
205 526 1.0
437 221 1.0
2 607 1.0
875 650 1.0
40 692 1.0
893 51 1.0
990 236 1.0
110 238 1.0
144 442 1.0
86 210 1.0
247 523 1.0
538 0 1.0
713 540 1.0
762 131 1.0
439 742 1.0
677 378 1.0
841 852 1.0
190 819 1.0
956 809 1.0
2 863 1.0
220 45 1.0
695 571 1.0
121 150 1.0
958 658 1.0
534 529 1.0
490 181 1.0
589 664 1.0
23 237 1.0
907 402 1.0
291 557 1.0
818 312 1.0
271 138 1.0
129 499 1.0
942 196 1.0
566 273 1.0
756 628 1.0
620 840 1.0
727 918 1.0
580 559 1.0
314 542 1.0
784 441 1.0
365 236 1.0
419 954 1.0
413 634 1.0
794 514 1.0
682 18 1.0
661 207 1.0
291 850 1.0
142 412 1.0
75 625 1.0
712 599 1.0
951 825 1.0
888 292 1.0
189 357 1.0
767 116 1.0
87 282 1.0
950 619 1.0
621 991 1.0
793 499 1.0
782 942 1.0
52 307 1.0
175 291 1.0
472 468 1.0
673 569 1.0
286 271 1.0
319 986 1.0
666 18 1.0
333 749 1.0
9 522 1.0
282 567 1.0
651 720 1.0
462 677 1.0
265 366 1.0
540 805 1.0
695 513 1.0
465 434 1.0
50 534 1.0
426 167 1.0
371 142 1.0
353 920 1.0
955 267 1.0
689 150 1.0
780 875 1.0
437 433 1.0
381 90 1.0
356 13 1.0
702 393 1.0
23 720 1.0
831 203 1.0
337 855 1.0
69 788 1.0
789 854 1.0
29 730 1.0
876 47 1.0
783 454 1.0
204 215 1.0
435 329 1.0
697 446 1.0
438 961 1.0
663 45 1.0
462 851 1.0
965 759 1.0
817 960 1.0
555 402 1.0
458 186 1.0
660 821 1.0
396 661 1.0
493 97 1.0
252 944 1.0
139 90 1.0
866 347 1.0
584 893 1.0
848 481 1.0
711 569 1.0
977 229 1.0
443 680 1.0
723 910 1.0
891 252 1.0
669 348 1.0
400 436 1.0
585 26 1.0
517 190 1.0
954 300 1.0
158 692 1.0
71 784 1.0
313 338 1.0
270 887 1.0
215 467 1.0
881 186 1.0
339 224 1.0
220 951 1.0
897 531 1.0
876 651 1.0
616 77 1.0
561 382 1.0
384 774 1.0
588 884 1.0
412 67 1.0
113 200 1.0
513 543 1.0
846 265 1.0
429 980 1.0
441 511 1.0
144 433 1.0
494 125 1.0
317 155 1.0
406 198 1.0
233 261 1.0
841 217 1.0
283 858 1.0
196 318 1.0
290 911 1.0
827 424 1.0
394 892 1.0
880 299 1.0
398 881 1.0
185 388 1.0
935 955 1.0
965 374 1.0
443 94 1.0
535 937 1.0
366 665 1.0
313 587 1.0
412 647 1.0
850 721 1.0
580 186 1.0
768 107 1.0
14 232 1.0
182 373 1.0
309 240 1.0
311 938 1.0
830 299 1.0
744 513 1.0
87 149 1.0
641 770 1.0
408 650 1.0
268 247 1.0
956 475 1.0
356 877 1.0
481 777 1.0
703 842 1.0
939 294 1.0
196 518 1.0
220 137 1.0
573 404 1.0
31 664 1.0
534 215 1.0
200 172 1.0
643 703 1.0
493 762 1.0
238 892 1.0
375 791 1.0
814 695 1.0
289 9 1.0
832 245 1.0
119 162 1.0
881 917 1.0
536 270 1.0
393 407 1.0
261 857 1.0
321 572 1.0
647 907 1.0
981 714 1.0
163 110 1.0
387 279 1.0
977 284 1.0
210 139 1.0
97 659 1.0
851 840 1.0
180 834 1.0
603 651 1.0
392 819 1.0
382 658 1.0
316 793 1.0
973 125 1.0
359 465 1.0
897 966 1.0
397 330 1.0
349 675 1.0
257 606 1.0
103 689 1.0
412 841 1.0
574 48 1.0
732 270 1.0
237 555 1.0
677 775 1.0
406 694 1.0
763 907 1.0
664 416 1.0
573 527 1.0
49 913 1.0
411 808 1.0
996 26 1.0
745 893 1.0
244 313 1.0
73 319 1.0
990 588 1.0
348 537 1.0
747 779 1.0
698 658 1.0
531 216 1.0
12 471 1.0
418 807 1.0
432 524 1.0
598 488 1.0
45 146 1.0
470 186 1.0
938 47 1.0
228 368 1.0
843 515 1.0
916 757 1.0
292 247 1.0
90 481 1.0
27 333 1.0
943 811 1.0
241 109 1.0
437 862 1.0
393 19 1.0
30 822 1.0
528 979 1.0
696 738 1.0
19 376 1.0
675 697 1.0
411 118 1.0
656 222 1.0
371 477 1.0
243 542 1.0
736 422 1.0
146 327 1.0
776 317 1.0
900 665 1.0
651 135 1.0
155 270 1.0
133 355 1.0
705 154 1.0
209 363 1.0
78 837 1.0
302 609 1.0
224 998 1.0
30 36 1.0
608 495 1.0
882 250 1.0
179 373 1.0
582 29 1.0
310 359 1.0
251 297 1.0
41 68 1.0
415 593 1.0
701 583 1.0
262 70 1.0
765 492 1.0
332 938 1.0
928 362 1.0
808 831 1.0
68 184 1.0
579 594 1.0
804 265 1.0
462 835 1.0
859 146 1.0
479 860 1.0
127 513 1.0
420 896 1.0
726 557 1.0
13 715 1.0
379 858 1.0
246 973 1.0
769 748 1.0
138 289 1.0
398 504 1.0
345 991 1.0
610 720 1.0
674 728 1.0
637 133 1.0
609 64 1.0
683 532 1.0
690 611 1.0
3 420 1.0
107 434 1.0
947 60 1.0
733 164 1.0
629 927 1.0
955 80 1.0
941 329 1.0
90 191 1.0
369 400 1.0
23 116 1.0
847 173 1.0
443 205 1.0
713 491 1.0
658 649 1.0
548 180 1.0
742 865 1.0
131 313 1.0
968 441 1.0
640 24 1.0
696 541 1.0
972 413 1.0
319 942 1.0
858 859 1.0
980 933 1.0
343 610 1.0
931 852 1.0
852 752 1.0
655 706 1.0
426 690 1.0
184 477 1.0
340 418 1.0
637 510 1.0
432 895 1.0
804 2 1.0
22 586 1.0
252 614 1.0
735 69 1.0
65 168 1.0
510 980 1.0
648 602 1.0
330 973 1.0
958 752 1.0
154 865 1.0
164 686 1.0
262 194 1.0
670 780 1.0
404 333 1.0
374 604 1.0
945 15 1.0
357 216 1.0
315 410 1.0
131 590 1.0
117 318 1.0
897 333 1.0
115 946 1.0
910 343 1.0
857 562 1.0
398 647 1.0
623 648 1.0
276 690 1.0
551 165 1.0
961 200 1.0
213 950 1.0
634 905 1.0
950 769 1.0
509 601 1.0
913 439 1.0
603 230 1.0
744 66 1.0
472 215 1.0
295 141 1.0
806 172 1.0
84 417 1.0
901 402 1.0
149 476 1.0
958 278 1.0
948 545 1.0
466 534 1.0
6 188 1.0
887 325 1.0
535 348 1.0
843 430 1.0
983 506 1.0
158 997 1.0
311 822 1.0
636 635 1.0
828 967 1.0
648 945 1.0
587 25 1.0
194 169 1.0
939 485 1.0
785 977 1.0
5 766 1.0
849 577 1.0
231 160 1.0
846 178 1.0
540 209 1.0
127 318 1.0
101 666 1.0
251 589 1.0
202 229 1.0
934 412 1.0
593 821 1.0
797 53 1.0
758 419 1.0
909 667 1.0
369 557 1.0
927 572 1.0
835 310 1.0
991 95 1.0
64 954 1.0
400 205 1.0
653 504 1.0
889 378 1.0
35 872 1.0
746 667 1.0
18 413 1.0
375 487 1.0
142 762 1.0
883 568 1.0
597 942 1.0
190 153 1.0
167 545 1.0
912 639 1.0
148 934 1.0
211 81 1.0
729 161 1.0
587 9 1.0
122 72 1.0
481 282 1.0
553 540 1.0
435 458 1.0
365 390 1.0
110 351 1.0
827 716 1.0
60 171 1.0
345 523 1.0
677 316 1.0
138 9 1.0
801 769 1.0
996 670 1.0
82 430 1.0
9 492 1.0
436 50 1.0
831 589 1.0
31 101 1.0
767 712 1.0
917 138 1.0
971 234 1.0
545 964 1.0
103 6 1.0
208 210 1.0
979 959 1.0
275 924 1.0
174 371 1.0
603 13 1.0
516 511 1.0
163 169 1.0
681 871 1.0
506 686 1.0
332 44 1.0
381 284 1.0
132 181 1.0
264 279 1.0
30 521 1.0
94 177 1.0
724 841 1.0
652 914 1.0
358 264 1.0
810 642 1.0
741 20 1.0
145 795 1.0
466 100 1.0
253 625 1.0
915 297 1.0
763 363 1.0
414 967 1.0
892 249 1.0
124 299 1.0
560 925 1.0
663 12 1.0
932 724 1.0
315 451 1.0
708 588 1.0
128 180 1.0
136 205 1.0
477 581 1.0
971 162 1.0
942 84 1.0
950 767 1.0
647 283 1.0
633 410 1.0
559 485 1.0
331 339 1.0
646 231 1.0
548 837 1.0
878 858 1.0
169 885 1.0
676 901 1.0
496 680 1.0
200 700 1.0
735 718 1.0
456 878 1.0
289 411 1.0
689 128 1.0
408 482 1.0
198 501 1.0
99 538 1.0
158 991 1.0
257 747 1.0
585 740 1.0
972 551 1.0
259 3 1.0
151 979 1.0
880 750 1.0
248 781 1.0
773 376 1.0
126 781 1.0
773 886 1.0
19 494 1.0
681 984 1.0
826 635 1.0
422 494 1.0
945 68 1.0
235 604 1.0
896 384 1.0
919 352 1.0
488 547 1.0
767 537 1.0
165 463 1.0
989 511 1.0
412 428 1.0
513 599 1.0
901 753 1.0
940 486 1.0
273 874 1.0
496 475 1.0
972 794 1.0
593 839 1.0
204 712 1.0
542 509 1.0
383 75 1.0
799 100 1.0
544 312 1.0
560 122 1.0
307 176 1.0
285 88 1.0
796 52 1.0
692 626 1.0
724 171 1.0
245 718 1.0
987 872 1.0
124 153 1.0
94 814 1.0
837 735 1.0
218 509 1.0
455 722 1.0
758 604 1.0
778 759 1.0
877 686 1.0
216 414 1.0
665 559 1.0
807 648 1.0
201 366 1.0
300 385 1.0
483 835 1.0
673 877 1.0
466 935 1.0
871 108 1.0
616 280 1.0
676 47 1.0
324 436 1.0
134 530 1.0
94 82 1.0
830 226 1.0
749 694 1.0
782 966 1.0
7 484 1.0
866 592 1.0
89 194 1.0
18 323 1.0
818 344 1.0
86 596 1.0
892 400 1.0
640 90 1.0
931 376 1.0
397 663 1.0
627 276 1.0
708 566 1.0
901 118 1.0
644 525 1.0
386 768 1.0
874 226 1.0
142 351 1.0
8 952 1.0
286 919 1.0
743 40 1.0
98 715 1.0
973 706 1.0
107 811 1.0
247 203 1.0
157 797 1.0
824 414 1.0
558 646 1.0
255 126 1.0
788 8 1.0
877 655 1.0
331 348 1.0
740 914 1.0
76 927 1.0
345 479 1.0
583 550 1.0
785 666 1.0
361 91 1.0
215 200 1.0
478 687 1.0
996 449 1.0
576 96 1.0
405 205 1.0
237 986 1.0
761 121 1.0
748 839 1.0
616 833 1.0
760 745 1.0
348 789 1.0
203 28 1.0
395 518 1.0
908 343 1.0
930 607 1.0
937 777 1.0
187 806 1.0
464 938 1.0
506 120 1.0
861 868 1.0
96 928 1.0
921 520 1.0
284 748 1.0
757 754 1.0
313 752 1.0
218 259 1.0
690 591 1.0
543 436 1.0
405 337 1.0
345 807 1.0
857 589 1.0
465 291 1.0
816 757 1.0
841 374 1.0
453 126 1.0
742 58 1.0
415 943 1.0
327 826 1.0
228 902 1.0
996 419 1.0
174 736 1.0
983 382 1.0
489 712 1.0
758 98 1.0
482 453 1.0
278 324 1.0
537 950 1.0
753 512 1.0
639 910 1.0
304 278 1.0
976 154 1.0
666 232 1.0
826 591 1.0
803 936 1.0
228 231 1.0
29 868 1.0
543 482 1.0
98 124 1.0
792 303 1.0
518 584 1.0
307 258 1.0
441 51 1.0
129 773 1.0
355 76 1.0
202 833 1.0
126 402 1.0
603 907 1.0
287 477 1.0
673 105 1.0
301 314 1.0
612 932 1.0
16 773 1.0
133 702 1.0
930 5 1.0
327 363 1.0
361 837 1.0
145 889 1.0
418 479 1.0
969 433 1.0
687 329 1.0
458 341 1.0
570 833 1.0
879 658 1.0
711 258 1.0
637 293 1.0
469 447 1.0
236 32 1.0
717 757 1.0
758 995 1.0
889 834 1.0
638 349 1.0
38 210 1.0
914 234 1.0
42 942 1.0
457 715 1.0
166 188 1.0
869 604 1.0
884 364 1.0
450 247 1.0
697 775 1.0
324 115 1.0
76 312 1.0
229 65 1.0
317 516 1.0
420 2 1.0
334 467 1.0
742 972 1.0
421 878 1.0
408 788 1.0
863 849 1.0
90 19 1.0
302 960 1.0
77 459 1.0
260 643 1.0
181 865 1.0
837 531 1.0
16 354 1.0
400 60 1.0
309 751 1.0
494 203 1.0
70 483 1.0
697 480 1.0
397 745 1.0
302 618 1.0
378 664 1.0
411 463 1.0
994 833 1.0
65 643 1.0
881 541 1.0
58 365 1.0
587 519 1.0
432 315 1.0
427 141 1.0
358 563 1.0
107 181 1.0
50 936 1.0
237 308 1.0
121 750 1.0
464 158 1.0
837 601 1.0
603 708 1.0
446 918 1.0
841 824 1.0
942 83 1.0
701 206 1.0
676 611 1.0
4 429 1.0
172 272 1.0
670 925 1.0
104 49 1.0
677 601 1.0
810 699 1.0
157 204 1.0
127 978 1.0
626 749 1.0
941 887 1.0
956 964 1.0
940 928 1.0
733 868 1.0
873 741 1.0
241 17 1.0
254 270 1.0
764 665 1.0
939 744 1.0
535 197 1.0
664 295 1.0
396 526 1.0
479 675 1.0
269 810 1.0
446 269 1.0
80 438 1.0
51 680 1.0
901 82 1.0
109 850 1.0
325 490 1.0
529 250 1.0
461 522 1.0
779 825 1.0
144 423 1.0
880 859 1.0
424 754 1.0
138 797 1.0
414 85 1.0
771 886 1.0
173 509 1.0
664 759 1.0
666 864 1.0
223 509 1.0
926 638 1.0
769 147 1.0
10 938 1.0
16 851 1.0
73 264 1.0
97 188 1.0
41 414 1.0
75 2 1.0
450 500 1.0
958 114 1.0
972 94 1.0
285 300 1.0
381 38 1.0
363 274 1.0
905 876 1.0
185 413 1.0
423 224 1.0
374 205 1.0
346 628 1.0
813 863 1.0
941 140 1.0
394 118 1.0
437 975 1.0
564 372 1.0
563 69 1.0
460 295 1.0
47 480 1.0
748 327 1.0
469 485 1.0
585 588 1.0
539 826 1.0
825 257 1.0
808 447 1.0
797 221 1.0
631 847 1.0
712 871 1.0
873 341 1.0
805 415 1.0
942 825 1.0
12 818 1.0
300 803 1.0
989 940 1.0
966 676 1.0
226 868 1.0
918 161 1.0
418 905 1.0
256 897 1.0
202 140 1.0
423 262 1.0
855 428 1.0
185 355 1.0
734 845 1.0
594 249 1.0
291 613 1.0
393 339 1.0
158 598 1.0
39 696 1.0
288 49 1.0
126 646 1.0
790 667 1.0
747 86 1.0
213 618 1.0
124 724 1.0
779 366 1.0
914 678 1.0
804 458 1.0
848 994 1.0
466 529 1.0
129 282 1.0
4 91 1.0
357 560 1.0
695 247 1.0
428 852 1.0
543 177 1.0
937 371 1.0
863 459 1.0
272 887 1.0
180 349 1.0
503 899 1.0
869 622 1.0
376 686 1.0
541 538 1.0
61 125 1.0
735 492 1.0
346 826 1.0
769 483 1.0
679 649 1.0
313 750 1.0
19 895 1.0
634 801 1.0
465 652 1.0
608 920 1.0
782 319 1.0
295 953 1.0
24 422 1.0
887 668 1.0
888 853 1.0
978 667 1.0
457 219 1.0
364 396 1.0
254 794 1.0
570 652 1.0
39 966 1.0
955 3 1.0
12 394 1.0
457 876 1.0
992 936 1.0
256 459 1.0
766 39 1.0
542 503 1.0
55 596 1.0
905 735 1.0
658 964 1.0
539 327 1.0
714 573 1.0
857 442 1.0
51 618 1.0
895 70 1.0
61 158 1.0
173 469 1.0
199 973 1.0
725 104 1.0
388 888 1.0
314 460 1.0
113 287 1.0
873 998 1.0
492 222 1.0
355 0 1.0
678 978 1.0
497 483 1.0
82 851 1.0
14 61 1.0
979 786 1.0
744 922 1.0
617 281 1.0
359 45 1.0
20 72 1.0
108 454 1.0
95 267 1.0
387 850 1.0
710 350 1.0
785 399 1.0
167 180 1.0
237 967 1.0
237 313 1.0
274 202 1.0
752 5 1.0
571 710 1.0
557 233 1.0
958 360 1.0
283 425 1.0
521 314 1.0
107 98 1.0
592 117 1.0
712 371 1.0
228 173 1.0
789 181 1.0
228 698 1.0
873 501 1.0
184 355 1.0
621 382 1.0
144 234 1.0
315 994 1.0
401 924 1.0
849 56 1.0
399 912 1.0
524 356 1.0
452 773 1.0
53 899 1.0
439 310 1.0
799 493 1.0
741 95 1.0
702 92 1.0
180 182 1.0
536 537 1.0
898 660 1.0
991 60 1.0
762 988 1.0
77 122 1.0
918 105 1.0
991 726 1.0
757 969 1.0
618 266 1.0
326 373 1.0
833 260 1.0
315 0 1.0
756 788 1.0
847 942 1.0
849 10 1.0
24 36 1.0
774 42 1.0
749 332 1.0
556 985 1.0
95 351 1.0
518 342 1.0
404 634 1.0
223 572 1.0
663 484 1.0
727 892 1.0
697 924 1.0
454 789 1.0
187 532 1.0
335 958 1.0
313 570 1.0
574 536 1.0
240 724 1.0
890 214 1.0
975 985 1.0
787 550 1.0
321 484 1.0
188 118 1.0
49 842 1.0
537 985 1.0
557 112 1.0
994 842 1.0
156 47 1.0
446 534 1.0
567 586 1.0
640 644 1.0
794 253 1.0
917 317 1.0
668 117 1.0
196 69 1.0
458 867 1.0
900 738 1.0
631 227 1.0
0 90 1.0
343 351 1.0
702 911 1.0
983 142 1.0
323 188 1.0
671 57 1.0
792 454 1.0
535 570 1.0
984 125 1.0
196 12 1.0
279 746 1.0
964 0 1.0
300 145 1.0
157 900 1.0
359 934 1.0
362 251 1.0
539 225 1.0
589 161 1.0
564 635 1.0
37 870 1.0
770 561 1.0
314 848 1.0
780 158 1.0
267 107 1.0
245 402 1.0
830 282 1.0
810 807 1.0
504 76 1.0
194 151 1.0
648 554 1.0
124 881 1.0
272 997 1.0
340 308 1.0
579 826 1.0
309 456 1.0
376 591 1.0
143 329 1.0
69 653 1.0
930 549 1.0
420 549 1.0
609 314 1.0
249 709 1.0
552 835 1.0
849 298 1.0
718 506 1.0
91 829 1.0
35 21 1.0
147 112 1.0
618 858 1.0
530 352 1.0
344 180 1.0
598 858 1.0
866 518 1.0
848 943 1.0
555 36 1.0
888 106 1.0
99 39 1.0
691 102 1.0
832 303 1.0
877 754 1.0
472 48 1.0
591 902 1.0
533 327 1.0
545 101 1.0
671 852 1.0
872 963 1.0
917 136 1.0
25 702 1.0
700 45 1.0
11 359 1.0
861 763 1.0
721 303 1.0
435 198 1.0
981 708 1.0
746 698 1.0
430 707 1.0
753 210 1.0
282 629 1.0
864 714 1.0
636 940 1.0
482 114 1.0
830 420 1.0
588 91 1.0
608 956 1.0
187 289 1.0
559 605 1.0
450 233 1.0
350 463 1.0
97 426 1.0
800 816 1.0
382 486 1.0
971 70 1.0
48 799 1.0
686 369 1.0
686 156 1.0
123 660 1.0
651 155 1.0
925 955 1.0
669 734 1.0
883 948 1.0
849 88 1.0
587 88 1.0
128 71 1.0
327 632 1.0
61 1 1.0
162 786 1.0
660 864 1.0
644 619 1.0
388 48 1.0
97 315 1.0
38 214 1.0
846 622 1.0
475 856 1.0
428 64 1.0
168 417 1.0
354 166 1.0
101 835 1.0
190 993 1.0
289 820 1.0
28 419 1.0
632 940 1.0
813 713 1.0
845 795 1.0
817 585 1.0
79 221 1.0
525 731 1.0
527 223 1.0
885 90 1.0
344 368 1.0
43 730 1.0
110 219 1.0
325 313 1.0
975 897 1.0
154 799 1.0
604 177 1.0
973 623 1.0
352 346 1.0
176 878 1.0
207 341 1.0
370 457 1.0
520 837 1.0
961 920 1.0
723 808 1.0
40 327 1.0
708 973 1.0
130 281 1.0
597 813 1.0
700 93 1.0
511 587 1.0
734 123 1.0
465 670 1.0
650 133 1.0
719 492 1.0
627 48 1.0
12 166 1.0
247 634 1.0
703 105 1.0
85 291 1.0
514 488 1.0
111 182 1.0
941 860 1.0
673 791 1.0
311 998 1.0
399 259 1.0
709 873 1.0
706 469 1.0
264 10 1.0
603 381 1.0
859 290 1.0
918 992 1.0
651 408 1.0
736 701 1.0
973 968 1.0
713 980 1.0
434 720 1.0
795 174 1.0
133 464 1.0
920 458 1.0
451 447 1.0
631 811 1.0
337 2 1.0
735 836 1.0
10 950 1.0
897 118 1.0
774 139 1.0
274 662 1.0
859 937 1.0
790 778 1.0
696 363 1.0
678 962 1.0
740 976 1.0
842 257 1.0
187 415 1.0
175 482 1.0
649 712 1.0
778 813 1.0
116 743 1.0
651 57 1.0
669 514 1.0
619 641 1.0
895 632 1.0
397 530 1.0
326 761 1.0
776 800 1.0
385 146 1.0
506 390 1.0
913 608 1.0
486 964 1.0
375 993 1.0
263 624 1.0
145 792 1.0
906 880 1.0
996 296 1.0
239 468 1.0
75 621 1.0
112 798 1.0
390 168 1.0
929 946 1.0
676 225 1.0
678 344 1.0
657 172 1.0
663 231 1.0
311 159 1.0
422 354 1.0
265 320 1.0
902 900 1.0
875 376 1.0
414 117 1.0
115 244 1.0
636 828 1.0
35 848 1.0
474 388 1.0
12 596 1.0
36 305 1.0
715 65 1.0
967 194 1.0
879 290 1.0
811 782 1.0
152 349 1.0
354 89 1.0
505 273 1.0
294 78 1.0
415 472 1.0
366 371 1.0
64 348 1.0
49 170 1.0
60 579 1.0
144 588 1.0
463 596 1.0
752 869 1.0
484 896 1.0
390 933 1.0
491 764 1.0
584 131 1.0
579 860 1.0
506 737 1.0
816 215 1.0
318 29 1.0
302 231 1.0
82 811 1.0
555 23 1.0
630 725 1.0
712 533 1.0
987 933 1.0
776 791 1.0
980 167 1.0
328 392 1.0
248 986 1.0
941 625 1.0
965 197 1.0
224 546 1.0
342 851 1.0
412 672 1.0
238 161 1.0
94 54 1.0
530 189 1.0
868 846 1.0
667 174 1.0
390 151 1.0
353 160 1.0
264 662 1.0
656 943 1.0
173 942 1.0
366 440 1.0
477 978 1.0
234 261 1.0
455 695 1.0
958 623 1.0
415 293 1.0
838 596 1.0
873 532 1.0
743 352 1.0
395 25 1.0
336 285 1.0
615 944 1.0
283 125 1.0
254 889 1.0
988 724 1.0
725 364 1.0
256 912 1.0
499 879 1.0
824 346 1.0
57 364 1.0
515 845 1.0
392 653 1.0
246 771 1.0
534 194 1.0
143 333 1.0
505 23 1.0
309 281 1.0
937 297 1.0
506 763 1.0
978 679 1.0
441 247 1.0
271 330 1.0
199 786 1.0
343 55 1.0
197 758 1.0
652 569 1.0
508 796 1.0
703 385 1.0
839 801 1.0
645 104 1.0
380 331 1.0
724 801 1.0
739 363 1.0
693 106 1.0
404 779 1.0
724 585 1.0
93 903 1.0
347 8 1.0
290 661 1.0
346 74 1.0
714 342 1.0
561 686 1.0
488 269 1.0
812 865 1.0
351 492 1.0
382 189 1.0
885 628 1.0
670 967 1.0
96 955 1.0
148 346 1.0
843 893 1.0
12 118 1.0
505 989 1.0
73 557 1.0
803 778 1.0
152 613 1.0
697 522 1.0
697 335 1.0
807 812 1.0
552 637 1.0
505 74 1.0
769 445 1.0
349 544 1.0
462 696 1.0
365 538 1.0
606 944 1.0
162 631 1.0
550 329 1.0
289 594 1.0
603 897 1.0
617 381 1.0
38 665 1.0
3 893 1.0
254 195 1.0
240 451 1.0
177 803 1.0
62 767 1.0
618 337 1.0
731 301 1.0
707 163 1.0
528 545 1.0
509 316 1.0
942 516 1.0
747 994 1.0
68 326 1.0
499 209 1.0
622 675 1.0
531 642 1.0
119 521 1.0
79 824 1.0
120 582 1.0
425 503 1.0
6 427 1.0
616 166 1.0
463 285 1.0
257 35 1.0
284 752 1.0
256 571 1.0
369 796 1.0
384 697 1.0
728 82 1.0
310 523 1.0
865 958 1.0
513 778 1.0
589 428 1.0
908 592 1.0
277 28 1.0
426 105 1.0
903 527 1.0
345 132 1.0
561 385 1.0
39 641 1.0
652 855 1.0
24 339 1.0
825 912 1.0
213 501 1.0
415 566 1.0
941 494 1.0
402 107 1.0
415 919 1.0
517 662 1.0
630 785 1.0
481 477 1.0
963 880 1.0
139 443 1.0
558 765 1.0
417 41 1.0
422 5 1.0
125 749 1.0
843 485 1.0
40 192 1.0
98 631 1.0
399 969 1.0
736 411 1.0
946 341 1.0
542 505 1.0
783 224 1.0
475 699 1.0
627 347 1.0
949 741 1.0
505 846 1.0
96 174 1.0
256 220 1.0
396 510 1.0
760 147 1.0
66 472 1.0
29 699 1.0
647 303 1.0
722 404 1.0
504 266 1.0
351 818 1.0
132 569 1.0
988 258 1.0
941 639 1.0
491 260 1.0
438 56 1.0
113 952 1.0
477 226 1.0
612 11 1.0
986 477 1.0
758 105 1.0
222 405 1.0
600 586 1.0
573 116 1.0
23 431 1.0
620 314 1.0
331 107 1.0
98 943 1.0
490 860 1.0
394 237 1.0
929 977 1.0
928 616 1.0
275 963 1.0
295 319 1.0
319 125 1.0
201 298 1.0
421 646 1.0
246 811 1.0
65 764 1.0
202 7 1.0
766 425 1.0
227 84 1.0
412 375 1.0
265 970 1.0
363 389 1.0
172 276 1.0
805 105 1.0
137 982 1.0
479 373 1.0
389 974 1.0
159 964 1.0
375 892 1.0
919 875 1.0
922 915 1.0
976 434 1.0
664 464 1.0
432 522 1.0
111 944 1.0
292 143 1.0
336 243 1.0
478 453 1.0
122 485 1.0
127 205 1.0
187 217 1.0
501 182 1.0
7 846 1.0
382 997 1.0
190 964 1.0
11 776 1.0
234 949 1.0
957 284 1.0
278 358 1.0
27 812 1.0
775 749 1.0
98 75 1.0
902 250 1.0
170 46 1.0
60 184 1.0
743 212 1.0
261 706 1.0
205 903 1.0
101 488 1.0
771 547 1.0
301 282 1.0
745 92 1.0
38 489 1.0
969 137 1.0
696 565 1.0
84 884 1.0
30 666 1.0
589 822 1.0
153 702 1.0
195 604 1.0
654 831 1.0
199 881 1.0
776 720 1.0
831 780 1.0
38 452 1.0
420 813 1.0
897 655 1.0
478 998 1.0
371 626 1.0
938 907 1.0
760 494 1.0
924 972 1.0
800 973 1.0
589 368 1.0
819 221 1.0
109 10 1.0
179 782 1.0
633 341 1.0
805 81 1.0
518 977 1.0
423 969 1.0
475 829 1.0
547 795 1.0
243 44 1.0
842 775 1.0
880 147 1.0
202 454 1.0
320 910 1.0
744 955 1.0
924 736 1.0
102 188 1.0
715 545 1.0
149 312 1.0
571 519 1.0
883 89 1.0
320 208 1.0
911 617 1.0
866 220 1.0
103 542 1.0
451 261 1.0
88 87 1.0
46 983 1.0
126 286 1.0
569 642 1.0
383 493 1.0
571 29 1.0
723 867 1.0
302 882 1.0
606 326 1.0
245 327 1.0
868 513 1.0
479 696 1.0
244 253 1.0
450 656 1.0
238 696 1.0
384 735 1.0
932 659 1.0
277 218 1.0
124 989 1.0
526 719 1.0
115 851 1.0
138 648 1.0
339 362 1.0
717 485 1.0
349 664 1.0
168 884 1.0
407 352 1.0
410 195 1.0
432 980 1.0
673 545 1.0
494 379 1.0
601 202 1.0
790 90 1.0
627 714 1.0
260 740 1.0
622 902 1.0
550 164 1.0
162 464 1.0
84 576 1.0
296 137 1.0
923 109 1.0
210 807 1.0
677 79 1.0
824 270 1.0
233 623 1.0
329 24 1.0
401 213 1.0
438 855 1.0
942 125 1.0
34 319 1.0
206 187 1.0
627 191 1.0
726 193 1.0
666 502 1.0
312 197 1.0
759 383 1.0
46 846 1.0
541 295 1.0
676 269 1.0
891 916 1.0
729 886 1.0
513 917 1.0
198 294 1.0
303 118 1.0
829 36 1.0
169 995 1.0
754 290 1.0
724 361 1.0
325 522 1.0
930 586 1.0
310 835 1.0
74 231 1.0
607 587 1.0
416 653 1.0
493 76 1.0
939 363 1.0
391 113 1.0
961 720 1.0
829 663 1.0
52 518 1.0
905 382 1.0
928 851 1.0
537 256 1.0
970 413 1.0
898 782 1.0
226 491 1.0
862 880 1.0
177 712 1.0
679 611 1.0
699 553 1.0
129 385 1.0
198 867 1.0
883 975 1.0
777 384 1.0
438 688 1.0
109 400 1.0
4 36 1.0
815 458 1.0
841 741 1.0
83 578 1.0
773 846 1.0
410 770 1.0
144 468 1.0
604 467 1.0
388 311 1.0
774 26 1.0
231 63 1.0
109 646 1.0
845 648 1.0
945 69 1.0
593 416 1.0
258 620 1.0
717 302 1.0
366 758 1.0
324 963 1.0
376 297 1.0
55 410 1.0
778 78 1.0
405 408 1.0
740 72 1.0
704 406 1.0
945 257 1.0
446 284 1.0
113 537 1.0
222 734 1.0
233 401 1.0
254 432 1.0
404 321 1.0
987 819 1.0
781 496 1.0
353 423 1.0
482 514 1.0
238 713 1.0
594 825 1.0
91 132 1.0
679 206 1.0
482 17 1.0
173 750 1.0
280 305 1.0
368 119 1.0
924 551 1.0
881 506 1.0
470 384 1.0
74 216 1.0
912 916 1.0
396 959 1.0
728 260 1.0
696 956 1.0
556 355 1.0
67 320 1.0
3 336 1.0
895 509 1.0
722 408 1.0
888 592 1.0
972 973 1.0
20 782 1.0
985 291 1.0
978 392 1.0
631 15 1.0
707 889 1.0
155 224 1.0
140 932 1.0
961 680 1.0
881 16 1.0
7 786 1.0
995 606 1.0
598 811 1.0
979 703 1.0
904 178 1.0
76 40 1.0
235 969 1.0
500 783 1.0
43 379 1.0
675 349 1.0
123 166 1.0
41 491 1.0
37 616 1.0
12 911 1.0
876 892 1.0
47 614 1.0
825 644 1.0
980 777 1.0
907 613 1.0
427 842 1.0
605 776 1.0
392 773 1.0
547 141 1.0
208 89 1.0
212 559 1.0
739 718 1.0
273 388 1.0
515 575 1.0
12 292 1.0
883 935 1.0
602 367 1.0
369 437 1.0
793 369 1.0
541 337 1.0
778 312 1.0
615 910 1.0
63 385 1.0
179 304 1.0
773 272 1.0
696 957 1.0
315 375 1.0
836 662 1.0
473 955 1.0
241 20 1.0
234 891 1.0
395 277 1.0
401 538 1.0
536 38 1.0
423 75 1.0
150 296 1.0
211 90 1.0
703 381 1.0
624 446 1.0
471 593 1.0
930 243 1.0
116 955 1.0
408 82 1.0
69 755 1.0
139 760 1.0
68 283 1.0
965 110 1.0
875 96 1.0
195 997 1.0
410 896 1.0
859 87 1.0
879 692 1.0
830 763 1.0
83 556 1.0
422 15 1.0
12 687 1.0
681 621 1.0
45 306 1.0
491 8 1.0
678 334 1.0
175 862 1.0
890 204 1.0
559 581 1.0
172 305 1.0
511 607 1.0
792 396 1.0
525 480 1.0
552 573 1.0
43 708 1.0
924 494 1.0
467 924 1.0
600 571 1.0
577 351 1.0
641 147 1.0
373 531 1.0
56 158 1.0
54 91 1.0
485 22 1.0
751 367 1.0
44 48 1.0
533 585 1.0
203 658 1.0
150 548 1.0
273 644 1.0
931 405 1.0
272 169 1.0
686 204 1.0
180 221 1.0
676 465 1.0
650 397 1.0
684 72 1.0
673 692 1.0
102 879 1.0
291 474 1.0
461 965 1.0
764 92 1.0
468 731 1.0
930 41 1.0
996 812 1.0
403 825 1.0
988 894 1.0
185 630 1.0
535 127 1.0
9 684 1.0
65 650 1.0
86 82 1.0
682 850 1.0
570 535 1.0
1 940 1.0
478 224 1.0
265 382 1.0
741 430 1.0
591 740 1.0
228 154 1.0
361 23 1.0
612 259 1.0
544 86 1.0
654 636 1.0
574 103 1.0
677 257 1.0
192 83 1.0
63 783 1.0
789 935 1.0
756 881 1.0
709 671 1.0
789 727 1.0
667 260 1.0
942 902 1.0
667 261 1.0
195 773 1.0
923 342 1.0
574 811 1.0
917 453 1.0
615 340 1.0
899 889 1.0
642 387 1.0
274 228 1.0
60 791 1.0
111 344 1.0
222 767 1.0
436 611 1.0
248 8 1.0
691 68 1.0
990 915 1.0
121 269 1.0
198 193 1.0
772 57 1.0
656 249 1.0
661 813 1.0
644 990 1.0
543 24 1.0
831 379 1.0
797 436 1.0
405 968 1.0
263 220 1.0
168 420 1.0
277 14 1.0
367 234 1.0
794 817 1.0
471 894 1.0
106 765 1.0
870 159 1.0
635 455 1.0
82 156 1.0
7 427 1.0
437 545 1.0
784 802 1.0
52 177 1.0
755 276 1.0
187 538 1.0
709 988 1.0
250 326 1.0
472 241 1.0
434 614 1.0
518 664 1.0
792 527 1.0
668 565 1.0
713 390 1.0
321 201 1.0
340 349 1.0
172 786 1.0
795 558 1.0
320 584 1.0
961 132 1.0
322 307 1.0
852 375 1.0
9 120 1.0
516 638 1.0
869 699 1.0
250 964 1.0
585 212 1.0
721 685 1.0
465 820 1.0
920 151 1.0
180 142 1.0
390 260 1.0
626 120 1.0
516 908 1.0
398 953 1.0
406 669 1.0
564 882 1.0
298 900 1.0
332 111 1.0
886 891 1.0
653 757 1.0
477 667 1.0
74 587 1.0
371 905 1.0
48 99 1.0
156 786 1.0
725 511 1.0
376 584 1.0
986 6 1.0
858 804 1.0
922 494 1.0
219 931 1.0
344 801 1.0
291 668 1.0
988 74 1.0
969 230 1.0
278 919 1.0
909 660 1.0
337 150 1.0
260 426 1.0
641 913 1.0
252 518 1.0
509 852 1.0
419 82 1.0
53 411 1.0
11 102 1.0
4 831 1.0
385 216 1.0
390 528 1.0
737 29 1.0
659 593 1.0
603 135 1.0
730 912 1.0
401 438 1.0
302 221 1.0
478 441 1.0
772 680 1.0
55 164 1.0
618 100 1.0
853 49 1.0
169 417 1.0
329 833 1.0
892 171 1.0
303 793 1.0
550 133 1.0
627 480 1.0
807 731 1.0
262 637 1.0
984 225 1.0
609 51 1.0
617 551 1.0
511 717 1.0
761 829 1.0
359 756 1.0
790 280 1.0
792 702 1.0
904 789 1.0
627 886 1.0
402 819 1.0
484 225 1.0
273 579 1.0
369 620 1.0
730 417 1.0
712 225 1.0
735 833 1.0
637 280 1.0
483 820 1.0
345 728 1.0
881 835 1.0
968 872 1.0
891 417 1.0
65 938 1.0
345 821 1.0
967 358 1.0
698 302 1.0
629 184 1.0
379 266 1.0
795 978 1.0
947 66 1.0
41 210 1.0
61 576 1.0
154 398 1.0
18 848 1.0
228 408 1.0
648 571 1.0
86 641 1.0
316 253 1.0
915 21 1.0
297 934 1.0
24 833 1.0
436 789 1.0
121 938 1.0
18 703 1.0
318 553 1.0
517 169 1.0
105 241 1.0
416 251 1.0
933 749 1.0
14 308 1.0
320 52 1.0
558 130 1.0
185 663 1.0
721 481 1.0
450 279 1.0
906 496 1.0
286 521 1.0
636 290 1.0
580 443 1.0
71 848 1.0
345 702 1.0
508 761 1.0
378 3 1.0
203 235 1.0
671 144 1.0
795 297 1.0
336 90 1.0
882 405 1.0
132 290 1.0
720 52 1.0
580 234 1.0
537 375 1.0
932 871 1.0
359 734 1.0
234 838 1.0
147 316 1.0
325 760 1.0
108 584 1.0
630 680 1.0
845 183 1.0
290 385 1.0
539 965 1.0
989 82 1.0
413 259 1.0
719 91 1.0
314 575 1.0
27 727 1.0
269 49 1.0
291 482 1.0
772 681 1.0
837 595 1.0
380 956 1.0
200 488 1.0
158 854 1.0
967 158 1.0
973 311 1.0
404 471 1.0
389 232 1.0
854 107 1.0
245 196 1.0
675 66 1.0
861 937 1.0
670 6 1.0
777 726 1.0
569 892 1.0
963 717 1.0
675 681 1.0
188 952 1.0
572 646 1.0
851 549 1.0
484 293 1.0
531 891 1.0
33 875 1.0
978 182 1.0
220 330 1.0
958 599 1.0
683 27 1.0
772 663 1.0
898 760 1.0
288 690 1.0
916 392 1.0
174 552 1.0
865 703 1.0
575 41 1.0
730 346 1.0
244 126 1.0
512 74 1.0
105 133 1.0
544 102 1.0
51 827 1.0
273 595 1.0
618 897 1.0
35 957 1.0
639 721 1.0
369 341 1.0
863 783 1.0
976 210 1.0
629 58 1.0
213 338 1.0
307 546 1.0
234 192 1.0
745 137 1.0
786 796 1.0
796 516 1.0
296 816 1.0
480 713 1.0
515 191 1.0
206 640 1.0
645 310 1.0
423 284 1.0
278 741 1.0
397 145 1.0
293 44 1.0
688 957 1.0
495 416 1.0
103 968 1.0
475 694 1.0
722 19 1.0
239 289 1.0
819 74 1.0
90 649 1.0
356 272 1.0
570 430 1.0
457 895 1.0
546 153 1.0
26 241 1.0
260 793 1.0
765 998 1.0
504 353 1.0
239 674 1.0
971 300 1.0
963 498 1.0
792 188 1.0
841 213 1.0
362 523 1.0
239 116 1.0
79 50 1.0
404 963 1.0
446 664 1.0
287 408 1.0
929 56 1.0
436 377 1.0
940 70 1.0
6 296 1.0
147 336 1.0
837 144 1.0
399 950 1.0
474 198 1.0
425 251 1.0
198 778 1.0
429 284 1.0
718 645 1.0
784 917 1.0
169 123 1.0
610 113 1.0
95 120 1.0
701 681 1.0
355 212 1.0
443 497 1.0
114 25 1.0
531 880 1.0
650 481 1.0
259 925 1.0
379 690 1.0
63 420 1.0
977 595 1.0
24 457 1.0
959 446 1.0
166 962 1.0
36 590 1.0
759 319 1.0
226 312 1.0
244 83 1.0
593 707 1.0
386 177 1.0
464 442 1.0
646 721 1.0
892 854 1.0
200 242 1.0
159 598 1.0
376 527 1.0
642 24 1.0
116 797 1.0
874 727 1.0
800 408 1.0
846 709 1.0
779 755 1.0
390 783 1.0
624 950 1.0
285 406 1.0
514 471 1.0
648 242 1.0
718 380 1.0
565 446 1.0
668 581 1.0
4 137 1.0
550 132 1.0
705 281 1.0
511 518 1.0
863 671 1.0
429 464 1.0
37 223 1.0
808 532 1.0
493 166 1.0
976 428 1.0
711 36 1.0
313 283 1.0
802 98 1.0
858 265 1.0
811 875 1.0
73 165 1.0
340 116 1.0
312 146 1.0
350 909 1.0
803 924 1.0
62 847 1.0
247 834 1.0
707 805 1.0
732 899 1.0
437 909 1.0
996 611 1.0
840 22 1.0
657 909 1.0
310 49 1.0
450 463 1.0
376 514 1.0
94 595 1.0
198 494 1.0
102 498 1.0
433 980 1.0
295 481 1.0
95 342 1.0
213 309 1.0
631 479 1.0
905 424 1.0
16 115 1.0
748 787 1.0
262 612 1.0
297 740 1.0
13 809 1.0
630 671 1.0
83 94 1.0
963 958 1.0
858 856 1.0
576 411 1.0
931 856 1.0
67 850 1.0
739 941 1.0
399 218 1.0
89 788 1.0
342 850 1.0
357 297 1.0
848 870 1.0
915 213 1.0
33 344 1.0
437 440 1.0
790 865 1.0
820 493 1.0
544 727 1.0
48 498 1.0
135 358 1.0
354 39 1.0
487 962 1.0
961 788 1.0
710 840 1.0
769 877 1.0
851 330 1.0
285 447 1.0
336 753 1.0
597 290 1.0
977 347 1.0
424 430 1.0
291 404 1.0
195 456 1.0
197 158 1.0
464 428 1.0
121 163 1.0
488 169 1.0
395 111 1.0
408 498 1.0
880 920 1.0
704 936 1.0
182 260 1.0
333 575 1.0
758 578 1.0
841 275 1.0
589 548 1.0
83 473 1.0
401 382 1.0
682 250 1.0
90 517 1.0
120 777 1.0
868 111 1.0
495 850 1.0
810 72 1.0
23 370 1.0
556 337 1.0
646 123 1.0
585 385 1.0
437 894 1.0
189 862 1.0
193 320 1.0
772 738 1.0
600 64 1.0
932 400 1.0
87 972 1.0
247 85 1.0
218 209 1.0
694 713 1.0
604 618 1.0
454 758 1.0
617 253 1.0
326 749 1.0
331 828 1.0
871 173 1.0
562 775 1.0
690 606 1.0
458 419 1.0
973 799 1.0
904 944 1.0
278 685 1.0
725 156 1.0
85 933 1.0
593 419 1.0
598 423 1.0
976 160 1.0
708 675 1.0
712 202 1.0
23 324 1.0
977 586 1.0
22 641 1.0
155 609 1.0
941 961 1.0
699 372 1.0
328 164 1.0
701 57 1.0
277 62 1.0
826 841 1.0
110 285 1.0
948 886 1.0
916 520 1.0
677 628 1.0
268 503 1.0
499 449 1.0
806 279 1.0
158 270 1.0
792 565 1.0
560 149 1.0
935 872 1.0
147 507 1.0
517 345 1.0
662 77 1.0
227 443 1.0
208 588 1.0
201 757 1.0
459 867 1.0
336 909 1.0
730 821 1.0
615 44 1.0
394 897 1.0
315 46 1.0
340 976 1.0
348 856 1.0
361 619 1.0
78 554 1.0
756 623 1.0
325 941 1.0
19 570 1.0
359 716 1.0
846 461 1.0
902 124 1.0
206 137 1.0
347 525 1.0
719 116 1.0
323 264 1.0
325 387 1.0
606 848 1.0
498 287 1.0
202 723 1.0
918 570 1.0
395 184 1.0
309 480 1.0
758 913 1.0
253 80 1.0
881 840 1.0
420 107 1.0
677 59 1.0
885 537 1.0
356 305 1.0
708 880 1.0
754 444 1.0
749 294 1.0
999 190 1.0
176 44 1.0
738 742 1.0
944 819 1.0
863 90 1.0
390 624 1.0
490 356 1.0
618 177 1.0
522 671 1.0
362 158 1.0
430 129 1.0
9 779 1.0
722 768 1.0
17 338 1.0
595 47 1.0
704 211 1.0
726 200 1.0
934 318 1.0
316 728 1.0
101 477 1.0
433 376 1.0
79 581 1.0
504 7 1.0
307 299 1.0
448 587 1.0
521 656 1.0
417 63 1.0
256 814 1.0
295 756 1.0
614 938 1.0
558 42 1.0
64 130 1.0
659 885 1.0
525 414 1.0
921 634 1.0
111 9 1.0
785 937 1.0
41 975 1.0
712 490 1.0
97 926 1.0
692 370 1.0
383 159 1.0
703 165 1.0
740 523 1.0
562 890 1.0
828 911 1.0
803 244 1.0
59 946 1.0
839 709 1.0
627 724 1.0
791 651 1.0
932 847 1.0
287 853 1.0
690 903 1.0
370 644 1.0
443 771 1.0
839 772 1.0
325 643 1.0
302 106 1.0
532 905 1.0
475 493 1.0
505 410 1.0
922 814 1.0
595 764 1.0
616 378 1.0
386 496 1.0
544 932 1.0
638 862 1.0
219 285 1.0
164 405 1.0
222 358 1.0
545 602 1.0
624 874 1.0
956 549 1.0
648 871 1.0
104 594 1.0
778 571 1.0
143 131 1.0
371 424 1.0
823 576 1.0
64 826 1.0
320 217 1.0
443 461 1.0
716 863 1.0
557 689 1.0
958 128 1.0
148 608 1.0
619 314 1.0
150 412 1.0
427 149 1.0
372 19 1.0
384 219 1.0
192 149 1.0
685 793 1.0
742 634 1.0
463 93 1.0
646 589 1.0
503 207 1.0
120 949 1.0
526 242 1.0
318 593 1.0
776 330 1.0
373 169 1.0
841 692 1.0
611 74 1.0
770 363 1.0
242 807 1.0
724 751 1.0
619 434 1.0
826 533 1.0
316 475 1.0
851 604 1.0
98 269 1.0
182 475 1.0
783 997 1.0
372 238 1.0
628 524 1.0
993 192 1.0
991 186 1.0
387 488 1.0
30 891 1.0
977 6 1.0
658 627 1.0
668 36 1.0
973 83 1.0
473 799 1.0
99 115 1.0
252 924 1.0
220 663 1.0
485 893 1.0
928 701 1.0
543 172 1.0
785 75 1.0
572 876 1.0
60 706 1.0
905 765 1.0
216 767 1.0
808 486 1.0
228 654 1.0
152 963 1.0
37 783 1.0
31 326 1.0
317 156 1.0
912 782 1.0
988 822 1.0
517 821 1.0
443 988 1.0
797 179 1.0
148 949 1.0
454 198 1.0
187 723 1.0
788 860 1.0
215 752 1.0
751 765 1.0
145 1 1.0
505 475 1.0
170 344 1.0
341 210 1.0
569 467 1.0
665 946 1.0
523 0 1.0
292 754 1.0
961 107 1.0
936 565 1.0
541 203 1.0
8 206 1.0
852 530 1.0
707 789 1.0
148 923 1.0
599 337 1.0
711 652 1.0
62 965 1.0
110 155 1.0
387 5 1.0
495 131 1.0
45 727 1.0
615 830 1.0
659 829 1.0
544 81 1.0
462 415 1.0
452 765 1.0
491 443 1.0
879 706 1.0
61 87 1.0
248 603 1.0
694 962 1.0
712 790 1.0
694 464 1.0
32 755 1.0
866 965 1.0
759 930 1.0
774 46 1.0
282 159 1.0
947 349 1.0
346 431 1.0
977 780 1.0
665 202 1.0
69 886 1.0
468 825 1.0
100 394 1.0
50 710 1.0
870 530 1.0
114 152 1.0
603 749 1.0
585 462 1.0
313 322 1.0
537 577 1.0
459 295 1.0
411 692 1.0
579 707 1.0
581 45 1.0
368 810 1.0
340 419 1.0
704 438 1.0
251 671 1.0
839 472 1.0
313 501 1.0
573 550 1.0
503 882 1.0
316 468 1.0
775 413 1.0
143 710 1.0
382 327 1.0
380 985 1.0
842 5 1.0
82 735 1.0
715 482 1.0
619 353 1.0
414 191 1.0
107 100 1.0
501 837 1.0
246 607 1.0
799 751 1.0
93 201 1.0
366 707 1.0
657 717 1.0
532 431 1.0
310 959 1.0
828 325 1.0
833 141 1.0
839 361 1.0
882 560 1.0
499 263 1.0
291 386 1.0
205 800 1.0
742 880 1.0
952 995 1.0
802 399 1.0
955 909 1.0
285 105 1.0
703 380 1.0
627 47 1.0
414 181 1.0
573 941 1.0
733 803 1.0
795 714 1.0
642 849 1.0
890 23 1.0
38 404 1.0
390 317 1.0
643 331 1.0
905 785 1.0
894 729 1.0
801 458 1.0
814 215 1.0
141 679 1.0
378 268 1.0
784 106 1.0
943 511 1.0
573 545 1.0
520 248 1.0
976 153 1.0
523 780 1.0
715 116 1.0
410 528 1.0
85 650 1.0
454 139 1.0
604 616 1.0
166 982 1.0
332 246 1.0
910 380 1.0
694 554 1.0
664 268 1.0
362 584 1.0
190 188 1.0
924 803 1.0
172 77 1.0
666 346 1.0
698 947 1.0
779 462 1.0
448 524 1.0
401 816 1.0
400 22 1.0
816 781 1.0
72 714 1.0
516 307 1.0
708 69 1.0
942 747 1.0
415 980 1.0
471 614 1.0
339 957 1.0
227 578 1.0
715 922 1.0
367 12 1.0
672 142 1.0
59 989 1.0
185 887 1.0
345 552 1.0
344 804 1.0
539 967 1.0
148 823 1.0
8 346 1.0
881 810 1.0
47 497 1.0
385 443 1.0
689 255 1.0
694 265 1.0
875 575 1.0
436 534 1.0
409 824 1.0
971 644 1.0
324 291 1.0
915 498 1.0
893 425 1.0
479 695 1.0
823 671 1.0
10 619 1.0
952 515 1.0
428 410 1.0
375 22 1.0
628 730 1.0
143 65 1.0
994 498 1.0
488 250 1.0
111 270 1.0
557 270 1.0
693 358 1.0
416 141 1.0
589 516 1.0
51 388 1.0
402 100 1.0
242 630 1.0
12 725 1.0
964 230 1.0
168 471 1.0
586 264 1.0
865 349 1.0
998 909 1.0
26 586 1.0
933 365 1.0
921 597 1.0
493 572 1.0
461 527 1.0
479 455 1.0
945 528 1.0
117 606 1.0
142 935 1.0
69 906 1.0
964 113 1.0
75 125 1.0
169 919 1.0
74 886 1.0
407 26 1.0
596 508 1.0
490 600 1.0
117 776 1.0
647 910 1.0
883 173 1.0
430 333 1.0
304 633 1.0
625 703 1.0
150 315 1.0
554 296 1.0
417 636 1.0
32 415 1.0
776 600 1.0
762 732 1.0
484 348 1.0
425 937 1.0
23 903 1.0
794 883 1.0
350 827 1.0
178 880 1.0
607 738 1.0
199 577 1.0
915 491 1.0
669 287 1.0
908 740 1.0
118 734 1.0
416 287 1.0
768 70 1.0
636 927 1.0
667 31 1.0
601 849 1.0
8 890 1.0
385 38 1.0
770 765 1.0
402 125 1.0
888 428 1.0
730 835 1.0
433 818 1.0
376 100 1.0
798 384 1.0
633 872 1.0
163 674 1.0
985 393 1.0
861 367 1.0
877 713 1.0
716 55 1.0
623 414 1.0
194 140 1.0
777 984 1.0
363 203 1.0
600 919 1.0
874 79 1.0
570 857 1.0
976 869 1.0
866 251 1.0
36 896 1.0
175 524 1.0
804 163 1.0
486 18 1.0
156 551 1.0
966 333 1.0
215 195 1.0
777 728 1.0
975 830 1.0
987 368 1.0
904 440 1.0
633 97 1.0
104 414 1.0
859 350 1.0
321 813 1.0
939 264 1.0
205 820 1.0
451 51 1.0
81 156 1.0
698 534 1.0
954 873 1.0
999 225 1.0
946 79 1.0
588 558 1.0
19 871 1.0
340 346 1.0
482 345 1.0
828 402 1.0
365 898 1.0
117 169 1.0
701 109 1.0
624 742 1.0
644 187 1.0
176 320 1.0
344 413 1.0
795 220 1.0
118 958 1.0
921 618 1.0
567 467 1.0
883 77 1.0
429 324 1.0
988 657 1.0
606 642 1.0
59 637 1.0
944 689 1.0
415 897 1.0
707 429 1.0
969 446 1.0
242 126 1.0
357 778 1.0
737 198 1.0
48 779 1.0
839 911 1.0
371 297 1.0
573 703 1.0
806 830 1.0
150 229 1.0
357 86 1.0
460 251 1.0
86 425 1.0
33 67 1.0
17 310 1.0
659 836 1.0
622 168 1.0
373 237 1.0
618 130 1.0
988 302 1.0
481 484 1.0
615 363 1.0
101 461 1.0
366 730 1.0
189 200 1.0
108 97 1.0
326 721 1.0
805 811 1.0
485 239 1.0
72 898 1.0
3 993 1.0
813 779 1.0
551 755 1.0
919 167 1.0
423 896 1.0
770 430 1.0
431 255 1.0
45 515 1.0
519 919 1.0
633 884 1.0
544 308 1.0
225 641 1.0
615 258 1.0
904 66 1.0
961 518 1.0
485 819 1.0
565 754 1.0
961 274 1.0
380 936 1.0
726 972 1.0
636 163 1.0
602 565 1.0
144 299 1.0
82 903 1.0
33 487 1.0
575 951 1.0
448 410 1.0
147 597 1.0
96 864 1.0
476 90 1.0
808 832 1.0
440 537 1.0
623 9 1.0
407 368 1.0
638 758 1.0
452 870 1.0
161 916 1.0
388 772 1.0
573 721 1.0
836 782 1.0
475 300 1.0
630 609 1.0
243 81 1.0
788 924 1.0
298 660 1.0
395 305 1.0
700 522 1.0
465 890 1.0
185 21 1.0
447 446 1.0
563 238 1.0
904 419 1.0
198 259 1.0
439 907 1.0
743 688 1.0
116 961 1.0
565 743 1.0
415 314 1.0
307 386 1.0
531 103 1.0
651 461 1.0
460 127 1.0
971 103 1.0
441 263 1.0
84 463 1.0
818 219 1.0
829 384 1.0
58 507 1.0
596 383 1.0
485 481 1.0
69 513 1.0
355 359 1.0
160 232 1.0
627 36 1.0
631 941 1.0
648 213 1.0
412 84 1.0
919 813 1.0
935 316 1.0
631 423 1.0
326 534 1.0
759 208 1.0
931 259 1.0
874 248 1.0
225 801 1.0
926 199 1.0
255 292 1.0
264 74 1.0
354 22 1.0
561 549 1.0
558 553 1.0
276 407 1.0
142 153 1.0
477 275 1.0
399 468 1.0
146 923 1.0
545 995 1.0
469 613 1.0
973 240 1.0
488 248 1.0
567 248 1.0
312 701 1.0
325 864 1.0
698 999 1.0
37 762 1.0
377 701 1.0
139 55 1.0
5 461 1.0
744 635 1.0
284 456 1.0
691 549 1.0
916 355 1.0
172 110 1.0
462 209 1.0
587 903 1.0
853 923 1.0
317 389 1.0
428 570 1.0
215 278 1.0
83 425 1.0
576 827 1.0
203 181 1.0
91 286 1.0
444 70 1.0
826 939 1.0
717 325 1.0
411 96 1.0
972 518 1.0
119 446 1.0
193 749 1.0
357 695 1.0
103 946 1.0
35 192 1.0
947 959 1.0
165 222 1.0
98 590 1.0
659 106 1.0
983 661 1.0
391 935 1.0
874 931 1.0
212 400 1.0
601 74 1.0
632 900 1.0
834 965 1.0
130 460 1.0
182 329 1.0
340 409 1.0
80 789 1.0
225 512 1.0
684 659 1.0
783 719 1.0
632 639 1.0
230 399 1.0
237 684 1.0
895 402 1.0
334 508 1.0
422 19 1.0
807 822 1.0
120 227 1.0
623 583 1.0
229 63 1.0
822 372 1.0
774 29 1.0
55 291 1.0
623 942 1.0
430 311 1.0
78 978 1.0
995 411 1.0
26 81 1.0
845 987 1.0
564 110 1.0
864 992 1.0
416 420 1.0
655 514 1.0
717 106 1.0
377 317 1.0
544 977 1.0
23 119 1.0
189 26 1.0
244 325 1.0
342 218 1.0
627 651 1.0
936 615 1.0
940 275 1.0
629 329 1.0
280 266 1.0
909 956 1.0
600 544 1.0
899 354 1.0
381 84 1.0
993 39 1.0
100 231 1.0
203 729 1.0
767 624 1.0
655 947 1.0
332 595 1.0
834 838 1.0
927 677 1.0
812 630 1.0
480 311 1.0
620 264 1.0
633 91 1.0
654 19 1.0
237 654 1.0
141 241 1.0
98 278 1.0
960 868 1.0
295 644 1.0
696 3 1.0
390 329 1.0
664 236 1.0
59 730 1.0
820 529 1.0
418 749 1.0
386 325 1.0
812 882 1.0
851 718 1.0
18 436 1.0
978 850 1.0
592 40 1.0
347 932 1.0
395 659 1.0
469 37 1.0
523 790 1.0
680 661 1.0
529 771 1.0
855 457 1.0
433 582 1.0
799 436 1.0
793 94 1.0
720 307 1.0
108 676 1.0
327 399 1.0
420 133 1.0
899 7 1.0
331 718 1.0
424 577 1.0
88 442 1.0
991 357 1.0
650 478 1.0
352 246 1.0
309 946 1.0
16 120 1.0
516 870 1.0
396 177 1.0
871 711 1.0
388 721 1.0
151 209 1.0
720 564 1.0
765 443 1.0
342 220 1.0
638 888 1.0
9 273 1.0
289 810 1.0
699 299 1.0
574 799 1.0
555 795 1.0
24 630 1.0
71 696 1.0
548 720 1.0
627 150 1.0
0 905 1.0
984 85 1.0
28 909 1.0
782 178 1.0
611 397 1.0
753 351 1.0
906 314 1.0
495 826 1.0
240 542 1.0
735 950 1.0
492 848 1.0
587 970 1.0
978 446 1.0
998 629 1.0
854 633 1.0
711 436 1.0
902 70 1.0
596 823 1.0
483 482 1.0
311 721 1.0
592 235 1.0
556 815 1.0
65 267 1.0
672 246 1.0
973 54 1.0
539 766 1.0
900 360 1.0
950 979 1.0
74 89 1.0
566 704 1.0
721 411 1.0
262 340 1.0
586 568 1.0
64 838 1.0
36 654 1.0
733 571 1.0
75 612 1.0
695 436 1.0
434 740 1.0
806 538 1.0
240 89 1.0
615 212 1.0
119 424 1.0
662 685 1.0
728 144 1.0
701 336 1.0
623 363 1.0
530 917 1.0
412 965 1.0
797 795 1.0
680 1 1.0
246 630 1.0
908 65 1.0
755 544 1.0
149 844 1.0
31 273 1.0
154 887 1.0
620 968 1.0
851 287 1.0
674 225 1.0
236 419 1.0
364 431 1.0
151 884 1.0
898 296 1.0
609 902 1.0
317 333 1.0
524 634 1.0
539 865 1.0
710 921 1.0
738 253 1.0
205 880 1.0
34 970 1.0
8 105 1.0
786 22 1.0
153 534 1.0
646 249 1.0
164 130 1.0
641 980 1.0
894 133 1.0
140 369 1.0
830 958 1.0
637 391 1.0
686 904 1.0
696 661 1.0
313 364 1.0
183 986 1.0
703 888 1.0
837 360 1.0
923 805 1.0
789 733 1.0
838 307 1.0
644 612 1.0
638 667 1.0
518 107 1.0
314 76 1.0
543 362 1.0
412 416 1.0
979 917 1.0
174 684 1.0
83 388 1.0
493 997 1.0
219 777 1.0
938 837 1.0
998 107 1.0
246 238 1.0
980 376 1.0
484 83 1.0
636 978 1.0
74 795 1.0
156 61 1.0
967 552 1.0
35 692 1.0
854 137 1.0
661 24 1.0
866 590 1.0
958 275 1.0
383 738 1.0
101 639 1.0
951 159 1.0
987 505 1.0
530 616 1.0
81 41 1.0
260 976 1.0
725 233 1.0
730 397 1.0
949 684 1.0
636 1 1.0
817 534 1.0
460 220 1.0
805 511 1.0
454 853 1.0
596 569 1.0
374 32 1.0
421 711 1.0
916 887 1.0
818 639 1.0
682 820 1.0
268 638 1.0
116 10 1.0
911 520 1.0
470 80 1.0
588 574 1.0
161 815 1.0
409 391 1.0
879 513 1.0
594 330 1.0
706 242 1.0
532 632 1.0
536 457 1.0
620 580 1.0
889 605 1.0
827 548 1.0
79 273 1.0
516 711 1.0
52 210 1.0
775 237 1.0
33 661 1.0
687 420 1.0
284 624 1.0
845 927 1.0
926 0 1.0
214 717 1.0
693 198 1.0
111 746 1.0
768 724 1.0
302 512 1.0
758 161 1.0
423 872 1.0
403 491 1.0
420 199 1.0
291 627 1.0
211 300 1.0
101 294 1.0
644 254 1.0
392 33 1.0
560 127 1.0
912 666 1.0
234 877 1.0
713 187 1.0
257 78 1.0
99 448 1.0
404 633 1.0
452 101 1.0
988 9 1.0
416 586 1.0
741 635 1.0
716 945 1.0
476 820 1.0
206 164 1.0
186 853 1.0
423 129 1.0
807 369 1.0
592 711 1.0
15 155 1.0
264 440 1.0
16 891 1.0
611 607 1.0
201 231 1.0
852 705 1.0
837 931 1.0
476 230 1.0
317 731 1.0
23 38 1.0
513 166 1.0
614 301 1.0
935 658 1.0
23 601 1.0
154 660 1.0
670 288 1.0
868 439 1.0
840 941 1.0
419 457 1.0
18 418 1.0
319 899 1.0
333 597 1.0
778 55 1.0
13 732 1.0
934 170 1.0
173 570 1.0
138 777 1.0
356 58 1.0
61 269 1.0
362 112 1.0
897 889 1.0
755 573 1.0
264 496 1.0
330 137 1.0
922 769 1.0
119 601 1.0
117 93 1.0
777 232 1.0
763 93 1.0
484 79 1.0
239 446 1.0
428 287 1.0
223 926 1.0
896 458 1.0
91 78 1.0
935 128 1.0
436 695 1.0
805 358 1.0
141 127 1.0
975 286 1.0
453 43 1.0
978 11 1.0
779 44 1.0
775 59 1.0
776 836 1.0
162 93 1.0
672 303 1.0
238 226 1.0
200 205 1.0
226 238 1.0
457 52 1.0
6 702 1.0
339 127 1.0
958 777 1.0
818 651 1.0
997 241 1.0
613 23 1.0
531 425 1.0
201 585 1.0
583 478 1.0
1 629 1.0
173 151 1.0
377 263 1.0
913 262 1.0
774 517 1.0
818 318 1.0
951 487 1.0
479 725 1.0
599 41 1.0
797 489 1.0
424 238 1.0
94 92 1.0
600 956 1.0
178 826 1.0
607 67 1.0
746 120 1.0
535 399 1.0
175 988 1.0
490 468 1.0
279 841 1.0
191 279 1.0
784 833 1.0
629 25 1.0
571 235 1.0
870 580 1.0
1 812 1.0
989 973 1.0
705 311 1.0
888 834 1.0
910 420 1.0
574 98 1.0
376 771 1.0
159 477 1.0
988 502 1.0
47 996 1.0
837 994 1.0
301 616 1.0
148 464 1.0
152 488 1.0
202 49 1.0
500 843 1.0
402 963 1.0
510 618 1.0
619 491 1.0
83 96 1.0
852 593 1.0
301 699 1.0
22 921 1.0
301 610 1.0
205 6 1.0
769 910 1.0
703 107 1.0
546 716 1.0
600 102 1.0
449 272 1.0
829 662 1.0
32 982 1.0
173 12 1.0
811 309 1.0
885 804 1.0
899 93 1.0
677 812 1.0
280 217 1.0
297 858 1.0
47 612 1.0
445 456 1.0
573 150 1.0
328 361 1.0
353 447 1.0
17 642 1.0
829 936 1.0
925 676 1.0
446 582 1.0
238 998 1.0
927 552 1.0
716 420 1.0
441 598 1.0
360 501 1.0
278 841 1.0
740 870 1.0
32 144 1.0
708 642 1.0
110 798 1.0
135 787 1.0
896 86 1.0
501 543 1.0
157 778 1.0
898 653 1.0
563 684 1.0
474 903 1.0
607 493 1.0
970 944 1.0
328 612 1.0
925 253 1.0
272 260 1.0
220 61 1.0
90 25 1.0
492 155 1.0
581 536 1.0
428 328 1.0
231 116 1.0
539 979 1.0
282 453 1.0
6 835 1.0
553 264 1.0
943 280 1.0
11 268 1.0
918 727 1.0
783 673 1.0
484 621 1.0
366 424 1.0
883 841 1.0
724 655 1.0
807 452 1.0
639 988 1.0
543 673 1.0
630 791 1.0
211 847 1.0
146 842 1.0
7 900 1.0
455 250 1.0
47 345 1.0
724 589 1.0
800 370 1.0
166 763 1.0
229 756 1.0
793 6 1.0
55 263 1.0
278 292 1.0
467 476 1.0
205 81 1.0
152 614 1.0
37 360 1.0
654 114 1.0
638 505 1.0
439 200 1.0
605 497 1.0
248 441 1.0
976 15 1.0
937 305 1.0
365 50 1.0
56 580 1.0
271 782 1.0
330 602 1.0
281 894 1.0
154 460 1.0
552 952 1.0
71 782 1.0
324 558 1.0
786 733 1.0
591 753 1.0
21 496 1.0
84 566 1.0
292 529 1.0
673 434 1.0
639 515 1.0
85 127 1.0
454 266 1.0
2 391 1.0
259 952 1.0
587 941 1.0
619 932 1.0
782 409 1.0
797 778 1.0
627 946 1.0
248 168 1.0
99 227 1.0
697 828 1.0
314 760 1.0
866 713 1.0
141 328 1.0
148 352 1.0
412 570 1.0
597 169 1.0
904 193 1.0
370 89 1.0
845 698 1.0
158 635 1.0
633 475 1.0
376 434 1.0
75 747 1.0
65 18 1.0
996 902 1.0
755 316 1.0
985 376 1.0
586 440 1.0
334 15 1.0
830 970 1.0
172 58 1.0
303 15 1.0
787 206 1.0
335 959 1.0
168 205 1.0
699 10 1.0
240 215 1.0
530 229 1.0
298 843 1.0
940 428 1.0
993 844 1.0
211 855 1.0
527 734 1.0
133 431 1.0
51 687 1.0
831 775 1.0
779 352 1.0
355 5 1.0
354 132 1.0
458 888 1.0
363 126 1.0
507 289 1.0
411 452 1.0
50 860 1.0
746 136 1.0
504 941 1.0
90 922 1.0
993 853 1.0
806 489 1.0
113 589 1.0
316 537 1.0
446 279 1.0
715 996 1.0
985 834 1.0
661 67 1.0
20 716 1.0
542 396 1.0
332 559 1.0
810 531 1.0
576 886 1.0
202 834 1.0
143 678 1.0
79 451 1.0
150 936 1.0
829 434 1.0
375 643 1.0
721 669 1.0
299 28 1.0
259 117 1.0
321 615 1.0
188 821 1.0
291 76 1.0
825 63 1.0
703 573 1.0
813 748 1.0
396 236 1.0
682 178 1.0
952 719 1.0
833 837 1.0
616 670 1.0
908 800 1.0
288 809 1.0
91 51 1.0
246 83 1.0
675 196 1.0
395 835 1.0
472 31 1.0
353 696 1.0
660 761 1.0
845 690 1.0
869 398 1.0
582 862 1.0
482 248 1.0
556 104 1.0
390 280 1.0
841 39 1.0
491 772 1.0
691 790 1.0
240 786 1.0
375 615 1.0
883 153 1.0
63 288 1.0
55 668 1.0
933 967 1.0
519 255 1.0
141 919 1.0
768 274 1.0
262 883 1.0
899 627 1.0
777 392 1.0
311 198 1.0
432 644 1.0
259 318 1.0
888 211 1.0
271 318 1.0
820 587 1.0
893 667 1.0
595 674 1.0
103 610 1.0
42 212 1.0
991 276 1.0
240 887 1.0
749 12 1.0
43 220 1.0
984 135 1.0
645 965 1.0
253 349 1.0
722 877 1.0
127 255 1.0
71 989 1.0
412 529 1.0
524 987 1.0
502 919 1.0
283 882 1.0
239 65 1.0
94 566 1.0
283 296 1.0
100 902 1.0
113 816 1.0
443 555 1.0
290 614 1.0
103 349 1.0
248 10 1.0
146 74 1.0
472 515 1.0
257 417 1.0
152 711 1.0
85 552 1.0
25 10 1.0
534 947 1.0
597 499 1.0
193 702 1.0
833 684 1.0
203 719 1.0
956 729 1.0
684 367 1.0
366 189 1.0
797 23 1.0
417 650 1.0
25 821 1.0
51 511 1.0
655 102 1.0
530 801 1.0
493 115 1.0
629 453 1.0
182 86 1.0
393 153 1.0
45 59 1.0
681 944 1.0
887 842 1.0
805 132 1.0
237 729 1.0
524 804 1.0
407 691 1.0
353 605 1.0
425 205 1.0
512 659 1.0
929 557 1.0
945 871 1.0
470 844 1.0
52 959 1.0
986 19 1.0
852 635 1.0
145 782 1.0
60 739 1.0
40 934 1.0
244 492 1.0
166 808 1.0
948 570 1.0
629 665 1.0
854 581 1.0
393 179 1.0
688 318 1.0
711 734 1.0
335 944 1.0
143 802 1.0
45 81 1.0
355 697 1.0
220 88 1.0
77 207 1.0
160 222 1.0
364 307 1.0
361 263 1.0
135 821 1.0
358 688 1.0
167 464 1.0
769 215 1.0
225 584 1.0
913 201 1.0
316 837 1.0
344 958 1.0
384 634 1.0
327 721 1.0
939 609 1.0
57 981 1.0
223 752 1.0
684 562 1.0
532 606 1.0
400 80 1.0
714 909 1.0
414 568 1.0
755 430 1.0
665 816 1.0
133 811 1.0
192 653 1.0
998 149 1.0
521 975 1.0
734 332 1.0
527 538 1.0
424 645 1.0
349 673 1.0
888 755 1.0
921 139 1.0
453 712 1.0
473 544 1.0
0 690 1.0
208 603 1.0
115 584 1.0
265 998 1.0
883 332 1.0
26 506 1.0
198 225 1.0
451 398 1.0
941 268 1.0
620 389 1.0
170 533 1.0
226 123 1.0
755 372 1.0
977 894 1.0
453 750 1.0
107 862 1.0
513 367 1.0
807 854 1.0
705 222 1.0
722 35 1.0
187 350 1.0
473 50 1.0
429 377 1.0
676 323 1.0
727 677 1.0
29 570 1.0
956 721 1.0
78 522 1.0
208 334 1.0
598 122 1.0
882 607 1.0
372 802 1.0
59 539 1.0
650 524 1.0
325 872 1.0
778 109 1.0
461 943 1.0
12 99 1.0
337 20 1.0
750 54 1.0
394 701 1.0
922 720 1.0
171 184 1.0
683 943 1.0
151 487 1.0
319 552 1.0
70 772 1.0
470 299 1.0
561 643 1.0
512 325 1.0
195 772 1.0
833 720 1.0
771 621 1.0
412 963 1.0
144 838 1.0
48 565 1.0
515 448 1.0
848 771 1.0
360 247 1.0
204 303 1.0
888 845 1.0
335 826 1.0
967 2 1.0
44 684 1.0
776 190 1.0
196 482 1.0
192 304 1.0
254 681 1.0
357 774 1.0
73 811 1.0
184 228 1.0
824 498 1.0
59 793 1.0
740 169 1.0
396 607 1.0
269 56 1.0
416 242 1.0
977 262 1.0
464 965 1.0
659 894 1.0
222 186 1.0
365 692 1.0
608 216 1.0
685 479 1.0
268 948 1.0
67 911 1.0
730 27 1.0
89 901 1.0
933 955 1.0
985 527 1.0
17 295 1.0
94 882 1.0
555 88 1.0
163 384 1.0
790 250 1.0
443 874 1.0
974 405 1.0
563 184 1.0
616 767 1.0
537 398 1.0
781 583 1.0
702 97 1.0
462 914 1.0
117 601 1.0
350 378 1.0
33 423 1.0
444 903 1.0
210 125 1.0
837 80 1.0
616 658 1.0
437 208 1.0
718 829 1.0
407 83 1.0
488 495 1.0
448 472 1.0
444 740 1.0
688 174 1.0
884 8 1.0
848 48 1.0
674 339 1.0
204 675 1.0
595 118 1.0
609 325 1.0
172 933 1.0
864 325 1.0
167 780 1.0
625 127 1.0
87 141 1.0
552 135 1.0
926 838 1.0
803 938 1.0
646 661 1.0
10 922 1.0
661 597 1.0
117 185 1.0
374 648 1.0
705 130 1.0
55 940 1.0
579 828 1.0
285 808 1.0
818 800 1.0
297 510 1.0
17 608 1.0
374 407 1.0
106 304 1.0
551 773 1.0
283 615 1.0
885 441 1.0
644 412 1.0
999 731 1.0
479 74 1.0
648 680 1.0
918 478 1.0
197 99 1.0
873 629 1.0
379 62 1.0
277 505 1.0
708 759 1.0
36 275 1.0
83 822 1.0
491 271 1.0
739 99 1.0
959 525 1.0
659 34 1.0
919 747 1.0
276 312 1.0
461 926 1.0
576 860 1.0
836 176 1.0
565 985 1.0
314 128 1.0
120 416 1.0
551 215 1.0
666 536 1.0
68 455 1.0
894 288 1.0
341 572 1.0
168 561 1.0
303 892 1.0
807 814 1.0
338 880 1.0
139 973 1.0
567 491 1.0
559 636 1.0
314 783 1.0
575 862 1.0
544 53 1.0
571 86 1.0
706 147 1.0
498 265 1.0
104 677 1.0
495 622 1.0
535 374 1.0
575 574 1.0
563 269 1.0
240 485 1.0
404 907 1.0
44 857 1.0
917 417 1.0
771 16 1.0
568 836 1.0
964 636 1.0
667 683 1.0
212 376 1.0
189 180 1.0
108 849 1.0
360 820 1.0
87 903 1.0
505 222 1.0
121 219 1.0
459 96 1.0
176 657 1.0
63 275 1.0
295 77 1.0
543 865 1.0
422 847 1.0
638 815 1.0
18 360 1.0
993 930 1.0
739 717 1.0
208 995 1.0
8 113 1.0
509 957 1.0
556 500 1.0
507 987 1.0
316 440 1.0
439 653 1.0
871 623 1.0
586 905 1.0
164 80 1.0
853 979 1.0
974 122 1.0
764 671 1.0
19 781 1.0
811 627 1.0
552 901 1.0
299 232 1.0
302 448 1.0
709 808 1.0
992 244 1.0
693 86 1.0
978 804 1.0
848 387 1.0
139 362 1.0
782 813 1.0
347 283 1.0
640 87 1.0
989 136 1.0
914 141 1.0
126 777 1.0
954 134 1.0
731 650 1.0
230 43 1.0
246 79 1.0
74 164 1.0
442 577 1.0
911 607 1.0
922 288 1.0
4 506 1.0
917 896 1.0
169 518 1.0
964 558 1.0
238 940 1.0
58 618 1.0
40 745 1.0
699 613 1.0
444 915 1.0
405 849 1.0
226 666 1.0
705 830 1.0
226 522 1.0
954 656 1.0
306 406 1.0
332 155 1.0
957 316 1.0
198 58 1.0
308 789 1.0
544 337 1.0
489 739 1.0
229 360 1.0
783 106 1.0
474 320 1.0
187 449 1.0
788 117 1.0
565 736 1.0
238 860 1.0
831 625 1.0
48 276 1.0
236 354 1.0
800 919 1.0
922 391 1.0
116 383 1.0
744 169 1.0
86 387 1.0
240 603 1.0
766 169 1.0
901 649 1.0
595 715 1.0
734 745 1.0
786 452 1.0
577 451 1.0
676 666 1.0
384 331 1.0
748 739 1.0
759 907 1.0
758 393 1.0
323 443 1.0
177 400 1.0
620 955 1.0
981 924 1.0
75 365 1.0
398 790 1.0
508 685 1.0
262 662 1.0
317 130 1.0
854 679 1.0
357 764 1.0
93 695 1.0
861 973 1.0
118 414 1.0
610 586 1.0
695 836 1.0
0 561 1.0
348 645 1.0
336 843 1.0
199 678 1.0
234 920 1.0
899 862 1.0
859 527 1.0
348 616 1.0
920 829 1.0
480 925 1.0
641 195 1.0
200 60 1.0
798 2 1.0
767 380 1.0
324 367 1.0
761 822 1.0
425 361 1.0
165 773 1.0
99 136 1.0
379 823 1.0
333 846 1.0
166 427 1.0
226 863 1.0
219 546 1.0
895 338 1.0
816 775 1.0
997 319 1.0
845 385 1.0
651 224 1.0
966 454 1.0
640 282 1.0
110 799 1.0
142 643 1.0
412 161 1.0
56 811 1.0
489 759 1.0
997 220 1.0
32 2 1.0
217 988 1.0
125 875 1.0
563 768 1.0
630 149 1.0
577 872 1.0
772 341 1.0
997 264 1.0
330 716 1.0
139 690 1.0
84 961 1.0
696 366 1.0
585 784 1.0
900 603 1.0
154 391 1.0
456 717 1.0
752 326 1.0
304 655 1.0
193 468 1.0
946 400 1.0
874 110 1.0
77 416 1.0
814 969 1.0
938 633 1.0
357 949 1.0
478 0 1.0
677 210 1.0
357 538 1.0
157 235 1.0
352 249 1.0
428 263 1.0
8 359 1.0
702 605 1.0
784 184 1.0
47 341 1.0
550 257 1.0
405 275 1.0
369 501 1.0
65 501 1.0
612 68 1.0
630 810 1.0
153 171 1.0
896 154 1.0
767 721 1.0
862 650 1.0
485 693 1.0
601 423 1.0
491 83 1.0
690 263 1.0
479 726 1.0
223 581 1.0
269 780 1.0
373 556 1.0
990 567 1.0
495 688 1.0
122 424 1.0
533 682 1.0
13 204 1.0
693 658 1.0
949 569 1.0
198 84 1.0
369 559 1.0
163 912 1.0
476 542 1.0
471 18 1.0
665 885 1.0
345 225 1.0
476 224 1.0
538 343 1.0
110 803 1.0
980 430 1.0
690 614 1.0
737 171 1.0
213 306 1.0
71 34 1.0
68 858 1.0
934 478 1.0
264 636 1.0
999 399 1.0
612 359 1.0
623 59 1.0
317 893 1.0
393 160 1.0
873 944 1.0
287 101 1.0
928 958 1.0
458 462 1.0
390 166 1.0
542 777 1.0
229 325 1.0
160 980 1.0
787 386 1.0
179 139 1.0
207 328 1.0
83 389 1.0
542 930 1.0
387 604 1.0
589 392 1.0
852 363 1.0
924 993 1.0
724 816 1.0
204 880 1.0
255 705 1.0
920 785 1.0
729 784 1.0
791 226 1.0
178 497 1.0
544 733 1.0
768 769 1.0
596 330 1.0
23 742 1.0
934 223 1.0
876 299 1.0
822 641 1.0
981 914 1.0
521 482 1.0
826 385 1.0
66 515 1.0
551 136 1.0
44 664 1.0
119 327 1.0
357 697 1.0
338 802 1.0
181 244 1.0
359 222 1.0
204 710 1.0
186 923 1.0
622 161 1.0
255 313 1.0
402 940 1.0
596 525 1.0
454 40 1.0
986 315 1.0
941 591 1.0
213 779 1.0
409 461 1.0
191 805 1.0
872 553 1.0
16 863 1.0
482 962 1.0
296 827 1.0
608 531 1.0
779 283 1.0
543 505 1.0
524 839 1.0
43 481 1.0
73 355 1.0
604 925 1.0
53 452 1.0
771 982 1.0
792 753 1.0
85 952 1.0
665 395 1.0
406 594 1.0
180 535 1.0
623 885 1.0
180 496 1.0
673 378 1.0
810 207 1.0
887 14 1.0
66 637 1.0
687 192 1.0
605 981 1.0
337 991 1.0
462 653 1.0
314 851 1.0
473 80 1.0
869 689 1.0
209 166 1.0
215 490 1.0
37 70 1.0
961 125 1.0
30 211 1.0
807 391 1.0
216 66 1.0
531 842 1.0
424 408 1.0
478 603 1.0
702 830 1.0
344 61 1.0
165 807 1.0
282 336 1.0
814 374 1.0
779 542 1.0
552 163 1.0
767 298 1.0
578 860 1.0
897 313 1.0
302 597 1.0
522 498 1.0
128 938 1.0
511 911 1.0
381 274 1.0
438 756 1.0
716 284 1.0
881 261 1.0
607 386 1.0
65 697 1.0
962 458 1.0
395 947 1.0
659 249 1.0
454 469 1.0
568 216 1.0
931 588 1.0
115 801 1.0
939 969 1.0
201 369 1.0
244 12 1.0
166 941 1.0
844 289 1.0
546 990 1.0
491 36 1.0
206 503 1.0
837 270 1.0
543 123 1.0
13 647 1.0
730 505 1.0
235 363 1.0
966 306 1.0
415 304 1.0
493 839 1.0
451 740 1.0
890 845 1.0
883 328 1.0
699 90 1.0
744 657 1.0
272 23 1.0
216 243 1.0
330 717 1.0
736 54 1.0
492 482 1.0
130 187 1.0
637 523 1.0
886 118 1.0
108 361 1.0
613 91 1.0
338 334 1.0
688 42 1.0
235 799 1.0
909 684 1.0
308 9 1.0
970 725 1.0
430 965 1.0
119 914 1.0
568 386 1.0
737 863 1.0
833 351 1.0
884 711 1.0
551 779 1.0
298 502 1.0
709 525 1.0
11 159 1.0
172 595 1.0
588 22 1.0
273 376 1.0
498 937 1.0
34 829 1.0
468 481 1.0
457 664 1.0
644 391 1.0
199 762 1.0
510 377 1.0
641 794 1.0
720 324 1.0
150 245 1.0
664 65 1.0
375 407 1.0
985 58 1.0
669 121 1.0
493 331 1.0
398 563 1.0
571 971 1.0
288 512 1.0
354 402 1.0
700 790 1.0
292 538 1.0
492 629 1.0
908 752 1.0
556 605 1.0
623 706 1.0
292 330 1.0
38 897 1.0
659 953 1.0
946 814 1.0
77 114 1.0
294 861 1.0
686 685 1.0
521 230 1.0
461 951 1.0
208 881 1.0
233 204 1.0
343 455 1.0
55 852 1.0
785 670 1.0
595 627 1.0
615 235 1.0
525 214 1.0
26 251 1.0
520 403 1.0
435 534 1.0
840 854 1.0
744 272 1.0
418 292 1.0
231 273 1.0
791 357 1.0
497 761 1.0
439 30 1.0
416 678 1.0
623 121 1.0
968 58 1.0
819 749 1.0
473 679 1.0
259 74 1.0
771 980 1.0
954 931 1.0
152 55 1.0
153 475 1.0
69 882 1.0
296 474 1.0
944 920 1.0
846 720 1.0
155 318 1.0
483 414 1.0
351 508 1.0
116 217 1.0
777 579 1.0
719 904 1.0
449 599 1.0
154 699 1.0
885 228 1.0
368 12 1.0
490 627 1.0
427 783 1.0
451 147 1.0
250 155 1.0
63 561 1.0
524 616 1.0
527 179 1.0
939 392 1.0
716 910 1.0
402 432 1.0
261 365 1.0
207 629 1.0
919 107 1.0
481 130 1.0
298 557 1.0
562 182 1.0
858 850 1.0
517 720 1.0
835 76 1.0
848 229 1.0
300 159 1.0
611 325 1.0
468 735 1.0
95 11 1.0
768 451 1.0
232 875 1.0
970 22 1.0
859 260 1.0
691 714 1.0
496 726 1.0
265 877 1.0
384 754 1.0
529 661 1.0
55 495 1.0
790 381 1.0
411 840 1.0
303 944 1.0
658 656 1.0
741 386 1.0
0 184 1.0
409 836 1.0
22 309 1.0
994 871 1.0
339 349 1.0
445 413 1.0
735 936 1.0
730 692 1.0
122 400 1.0
453 636 1.0
417 163 1.0
947 254 1.0
889 430 1.0
960 5 1.0
441 937 1.0
303 950 1.0
436 495 1.0
337 81 1.0
796 60 1.0
36 55 1.0
104 287 1.0
437 75 1.0
574 735 1.0
246 563 1.0
345 944 1.0
456 150 1.0
715 829 1.0
705 870 1.0
84 636 1.0
559 501 1.0
217 383 1.0
507 217 1.0
797 863 1.0
575 953 1.0
467 449 1.0
688 863 1.0
240 842 1.0
579 709 1.0
53 812 1.0
859 650 1.0
411 953 1.0
521 508 1.0
646 52 1.0
738 934 1.0
178 765 1.0
861 609 1.0
760 323 1.0
682 723 1.0
233 937 1.0
627 733 1.0
249 531 1.0
982 774 1.0
109 200 1.0
560 387 1.0
501 183 1.0
155 225 1.0
898 116 1.0
864 222 1.0
896 873 1.0
813 709 1.0
597 567 1.0
544 24 1.0
744 685 1.0
330 190 1.0
538 285 1.0
245 180 1.0
824 51 1.0
486 309 1.0
950 191 1.0
747 268 1.0
236 552 1.0
612 983 1.0
397 315 1.0
171 692 1.0
938 500 1.0
716 587 1.0
754 27 1.0
895 100 1.0
357 168 1.0
991 906 1.0
109 415 1.0
870 657 1.0
736 788 1.0
51 695 1.0
187 761 1.0
20 102 1.0
936 324 1.0
276 294 1.0
865 540 1.0
182 877 1.0
306 338 1.0
431 360 1.0
962 810 1.0
255 161 1.0
682 953 1.0
656 897 1.0
420 62 1.0
701 380 1.0
396 763 1.0
180 49 1.0
338 314 1.0
284 33 1.0
126 842 1.0
759 614 1.0
594 97 1.0
907 105 1.0
102 639 1.0
448 717 1.0
215 755 1.0
937 354 1.0
997 489 1.0
344 304 1.0
324 29 1.0
923 953 1.0
577 677 1.0
831 806 1.0
460 474 1.0
686 535 1.0
782 311 1.0
754 673 1.0
907 622 1.0
599 334 1.0
705 416 1.0
580 451 1.0
895 91 1.0
370 835 1.0
110 891 1.0
547 910 1.0
307 139 1.0
251 798 1.0
914 915 1.0
138 518 1.0
868 897 1.0
520 715 1.0
410 202 1.0
279 341 1.0
54 824 1.0
652 164 1.0
784 970 1.0
174 84 1.0
247 265 1.0
605 403 1.0
812 855 1.0
403 648 1.0
610 191 1.0
582 924 1.0
112 226 1.0
460 882 1.0
388 502 1.0
20 991 1.0
209 422 1.0
251 772 1.0
410 399 1.0
940 961 1.0
892 478 1.0
654 738 1.0
775 756 1.0
426 931 1.0
693 636 1.0
650 949 1.0
273 441 1.0
595 512 1.0
417 442 1.0
507 497 1.0
468 512 1.0
469 724 1.0
701 15 1.0
221 619 1.0
310 798 1.0
12 715 1.0
773 227 1.0
760 765 1.0
658 275 1.0
591 150 1.0
425 609 1.0
706 949 1.0
103 917 1.0
976 187 1.0
213 680 1.0
259 735 1.0
620 92 1.0
869 126 1.0
273 613 1.0
298 610 1.0
767 955 1.0
705 103 1.0
744 52 1.0
475 658 1.0
981 939 1.0
106 514 1.0
792 830 1.0
459 369 1.0
721 825 1.0
100 954 1.0
382 349 1.0
230 298 1.0
112 917 1.0
371 176 1.0
852 61 1.0
272 382 1.0
783 251 1.0
356 831 1.0
585 576 1.0
519 321 1.0
739 133 1.0
684 818 1.0
944 928 1.0
310 69 1.0
623 494 1.0
646 908 1.0
134 656 1.0
851 852 1.0
120 496 1.0
391 654 1.0
40 875 1.0
433 298 1.0
955 294 1.0
405 411 1.0
522 922 1.0
565 487 1.0
229 369 1.0
715 142 1.0
272 192 1.0
788 640 1.0
41 349 1.0
998 881 1.0
319 601 1.0
506 127 1.0
948 973 1.0
378 703 1.0
852 774 1.0
315 637 1.0
747 330 1.0
548 970 1.0
402 113 1.0
925 430 1.0
291 351 1.0
944 221 1.0
296 414 1.0
859 555 1.0
727 542 1.0
276 411 1.0
392 719 1.0
443 385 1.0
748 307 1.0
650 348 1.0
56 550 1.0
376 512 1.0
584 839 1.0
833 862 1.0
764 214 1.0
239 907 1.0
29 630 1.0
236 120 1.0
640 194 1.0
861 662 1.0
617 833 1.0
536 351 1.0
417 147 1.0
190 794 1.0
265 155 1.0
625 853 1.0
196 5 1.0
318 530 1.0
264 639 1.0
556 188 1.0
749 617 1.0
699 465 1.0
139 62 1.0
606 463 1.0
48 507 1.0
744 408 1.0
648 749 1.0
530 392 1.0
922 653 1.0
419 707 1.0
673 252 1.0
950 826 1.0
824 145 1.0
503 4 1.0
588 319 1.0
477 726 1.0
606 113 1.0
17 750 1.0
614 177 1.0
406 929 1.0
592 834 1.0
126 162 1.0
778 882 1.0
674 604 1.0
372 580 1.0
482 852 1.0
446 823 1.0
553 698 1.0
700 594 1.0
450 310 1.0
245 530 1.0
597 460 1.0
23 767 1.0
474 170 1.0
117 621 1.0
292 199 1.0
513 846 1.0
62 204 1.0
97 282 1.0
873 20 1.0
253 112 1.0
564 84 1.0
311 492 1.0
250 413 1.0
905 617 1.0
15 343 1.0
610 702 1.0
843 550 1.0
265 403 1.0
468 799 1.0
751 890 1.0
472 440 1.0
897 472 1.0
624 573 1.0
76 867 1.0
478 359 1.0
911 579 1.0
280 813 1.0
107 458 1.0
617 324 1.0
862 702 1.0
534 816 1.0
811 988 1.0
670 579 1.0
978 356 1.0
929 906 1.0
502 897 1.0
850 669 1.0
754 296 1.0
741 238 1.0
627 405 1.0
880 782 1.0
864 947 1.0
301 164 1.0
460 290 1.0
182 55 1.0
570 56 1.0
712 297 1.0
632 996 1.0
748 139 1.0
392 934 1.0
697 338 1.0
210 358 1.0
699 853 1.0
350 641 1.0
241 497 1.0
578 416 1.0
597 292 1.0
457 572 1.0
362 278 1.0
511 73 1.0
587 865 1.0
889 540 1.0
744 648 1.0
401 553 1.0
160 84 1.0
425 842 1.0
76 208 1.0
612 374 1.0
765 855 1.0
72 279 1.0
84 220 1.0
63 418 1.0
963 575 1.0
235 48 1.0
404 942 1.0
65 737 1.0
14 151 1.0
878 288 1.0
992 969 1.0
892 868 1.0
852 912 1.0
165 474 1.0
61 16 1.0
38 958 1.0
976 463 1.0
973 609 1.0
742 445 1.0
699 857 1.0
952 732 1.0
603 758 1.0
473 1 1.0
240 744 1.0
223 691 1.0
418 636 1.0
210 905 1.0
473 598 1.0
899 126 1.0
584 670 1.0
142 94 1.0
243 781 1.0
784 104 1.0
97 366 1.0
688 419 1.0
418 991 1.0
705 723 1.0
881 943 1.0
198 522 1.0
106 783 1.0
877 921 1.0
717 59 1.0
981 455 1.0
449 400 1.0
359 277 1.0
961 645 1.0
623 730 1.0
386 36 1.0
467 363 1.0
762 143 1.0
955 655 1.0
930 469 1.0
79 235 1.0
93 764 1.0
404 769 1.0
462 766 1.0
215 240 1.0
869 462 1.0
7 537 1.0
402 338 1.0
422 390 1.0
448 176 1.0
465 299 1.0
11 538 1.0
187 383 1.0
41 60 1.0
557 945 1.0
197 250 1.0
465 468 1.0
591 637 1.0
369 781 1.0
740 948 1.0
972 882 1.0
108 845 1.0
529 738 1.0
806 563 1.0
354 561 1.0
893 158 1.0
906 50 1.0
622 577 1.0
775 117 1.0
255 604 1.0
736 0 1.0
729 31 1.0
831 72 1.0
463 241 1.0
503 847 1.0
740 354 1.0
630 492 1.0
104 903 1.0
132 704 1.0
131 668 1.0
226 525 1.0
112 601 1.0
4 375 1.0
227 726 1.0
719 356 1.0
323 272 1.0
570 965 1.0
920 820 1.0
969 229 1.0
429 921 1.0
37 758 1.0
279 928 1.0
500 41 1.0
723 525 1.0
351 516 1.0
635 4 1.0
622 563 1.0
889 62 1.0
558 641 1.0
146 876 1.0
187 918 1.0
141 936 1.0
341 472 1.0
169 480 1.0
895 307 1.0
833 572 1.0
114 571 1.0
155 541 1.0
854 687 1.0
556 622 1.0
10 558 1.0
885 636 1.0
254 946 1.0
425 304 1.0
231 585 1.0
620 569 1.0
19 736 1.0
757 307 1.0
320 440 1.0
980 836 1.0
385 476 1.0
12 572 1.0
200 574 1.0
569 858 1.0
77 214 1.0
611 931 1.0
597 709 1.0
425 948 1.0
842 75 1.0
751 69 1.0
657 207 1.0
256 149 1.0
687 989 1.0
219 778 1.0
955 958 1.0
673 688 1.0
551 285 1.0
405 78 1.0
919 574 1.0
210 871 1.0
431 968 1.0
856 132 1.0
832 689 1.0
831 180 1.0
851 46 1.0
114 149 1.0
676 394 1.0
757 634 1.0
816 955 1.0
335 765 1.0
246 850 1.0
952 91 1.0
738 1 1.0
99 549 1.0
173 44 1.0
13 347 1.0
333 162 1.0
436 176 1.0
867 780 1.0
496 635 1.0
895 610 1.0
868 345 1.0
966 346 1.0
381 678 1.0
852 315 1.0
234 963 1.0
346 27 1.0
146 198 1.0
384 62 1.0
824 159 1.0
51 936 1.0
906 782 1.0
184 351 1.0
501 176 1.0
566 692 1.0
914 969 1.0
8 568 1.0
620 57 1.0
816 25 1.0
767 625 1.0
229 836 1.0
706 924 1.0
405 698 1.0
893 768 1.0
747 941 1.0
611 844 1.0
586 1 1.0
449 378 1.0
575 501 1.0
141 260 1.0
402 57 1.0
887 111 1.0
165 312 1.0
706 13 1.0
227 989 1.0
403 300 1.0
802 199 1.0
593 546 1.0
113 486 1.0
155 426 1.0
530 373 1.0
317 494 1.0
184 672 1.0
514 813 1.0
298 693 1.0
738 283 1.0
798 180 1.0
982 317 1.0
374 577 1.0
110 148 1.0
798 782 1.0
578 231 1.0
131 211 1.0
245 3 1.0
957 704 1.0
595 52 1.0
837 447 1.0
108 571 1.0
399 316 1.0
581 751 1.0
673 374 1.0
134 510 1.0
497 53 1.0
670 731 1.0
731 980 1.0
521 342 1.0
120 302 1.0
482 913 1.0
152 346 1.0
848 767 1.0
992 760 1.0
949 509 1.0
276 251 1.0
809 779 1.0
646 942 1.0
707 441 1.0
84 769 1.0
696 556 1.0
437 172 1.0
209 856 1.0
92 480 1.0
665 237 1.0
27 482 1.0
932 915 1.0
633 945 1.0
889 184 1.0
876 605 1.0
529 566 1.0
735 248 1.0
565 159 1.0
93 222 1.0
994 987 1.0
427 774 1.0
712 134 1.0
289 784 1.0
894 349 1.0
785 742 1.0
544 143 1.0
214 365 1.0
241 965 1.0
670 827 1.0
472 843 1.0
808 208 1.0
583 95 1.0
662 695 1.0
358 631 1.0
908 75 1.0
684 885 1.0
174 484 1.0
694 524 1.0
917 289 1.0
526 201 1.0
867 942 1.0
701 628 1.0
369 253 1.0
872 118 1.0
504 958 1.0
206 283 1.0
149 584 1.0
863 167 1.0
722 135 1.0
502 858 1.0
675 574 1.0
448 710 1.0
54 212 1.0
187 253 1.0
874 793 1.0
191 765 1.0
416 727 1.0
111 13 1.0
213 547 1.0
433 191 1.0
117 995 1.0
985 350 1.0
73 743 1.0
809 135 1.0
489 697 1.0
980 25 1.0
650 943 1.0
529 949 1.0
541 282 1.0
198 846 1.0
146 577 1.0
506 962 1.0
744 18 1.0
856 78 1.0
508 344 1.0
7 433 1.0
171 373 1.0
773 890 1.0
294 142 1.0
989 117 1.0
760 524 1.0
226 933 1.0
134 551 1.0
953 393 1.0
662 858 1.0
443 416 1.0
72 276 1.0
728 270 1.0
975 139 1.0
612 767 1.0
309 265 1.0
730 887 1.0
290 204 1.0
37 437 1.0
213 858 1.0
370 498 1.0
250 817 1.0
440 679 1.0
981 397 1.0
196 935 1.0
423 809 1.0
888 127 1.0
929 141 1.0
917 527 1.0
935 246 1.0
504 416 1.0
207 954 1.0
0 741 1.0
423 211 1.0
117 356 1.0
481 201 1.0
275 116 1.0
609 474 1.0
268 590 1.0
197 476 1.0
457 198 1.0
292 158 1.0
185 761 1.0
976 52 1.0
952 430 1.0
299 522 1.0
217 199 1.0
365 326 1.0
300 407 1.0
851 679 1.0
216 458 1.0
545 706 1.0
385 586 1.0
489 857 1.0
539 254 1.0
945 612 1.0
196 554 1.0
409 122 1.0
109 707 1.0
362 54 1.0
2 306 1.0
719 484 1.0
149 510 1.0
975 714 1.0
870 388 1.0
576 882 1.0
709 392 1.0
957 660 1.0
206 899 1.0
369 366 1.0
811 853 1.0
185 101 1.0
941 681 1.0
478 307 1.0
612 829 1.0
632 361 1.0
529 377 1.0
155 147 1.0
978 749 1.0
957 217 1.0
14 821 1.0
397 66 1.0
268 798 1.0
110 720 1.0
168 376 1.0
161 672 1.0
